"Idex"	"I"	"I"	"I"	"O"
1	2.32	2.37	0	2.16
2	2.16	2.32	0.2	1.95
3	1.95	2.16	10.8	2.59
4	2.59	1.95	4.1	2.19
5	2.19	2.59	0.3	1.86
6	1.86	2.19	0	2.19
7	2.19	1.86	0.1	2.19
8	2.19	2.19	0	2.19
9	2.19	2.19	0.5	2.08
10	2.08	2.19	0	2.08
11	2.08	2.08	0.4	2.19
12	2.19	2.08	0.8	2.19
13	2.19	2.19	2.3	1.75
14	1.75	2.19	3.4	1.53
15	1.53	1.75	5.7	1.53
16	1.53	1.53	2.3	1.53
17	1.53	1.53	0.3	1.53
18	1.53	1.53	0.1	1.53
19	1.53	1.53	0	1.53
20	1.53	1.53	0	1.53
21	1.53	1.53	0	1.53
22	1.53	1.53	2.1	1.42
23	1.42	1.53	1.3	1.31
24	1.31	1.42	0	1.2
25	1.2	1.31	1.9	1.1
26	1.1	1.2	3.8	1.1
27	1.1	1.1	2	1.04
28	1.04	1.1	0.2	1.01
29	1.01	1.04	0.6	1.01
30	1.01	1.01	0.2	1.04
31	1.04	1.01	0	1.1
32	1.1	1.04	0	1.2
33	1.2	1.1	0.2	1.31
34	1.31	1.2	0.3	3.28
35	3.28	1.31	2.1	9.85
36	9.85	3.28	2.7	55.18
37	55.18	9.85	0	21.9
38	21.9	55.18	0	14.01
39	14.01	21.9	0	12.04
40	12.04	14.01	0	11.28
41	11.28	12.04	0	9.88
42	9.88	11.28	0	8.54
43	8.54	9.88	5.8	7.55
44	7.55	8.54	2.4	6.7
45	6.7	7.55	0	5.67
46	5.67	6.7	0.1	5.05
47	5.05	5.67	1.9	4.74
48	4.74	5.05	1.1	5.35
49	5.35	4.74	0.5	5.54
50	5.54	5.35	1.1	5.23
51	5.23	5.54	0	4.81
52	4.81	5.23	6.1	4.86
53	4.86	4.81	7	5.61
54	5.61	4.86	6.5	7.88
55	7.88	5.61	2.4	11.28
56	11.28	7.88	0	10.95
57	10.95	11.28	6.5	10.6
58	10.6	10.95	9.3	15.55
59	15.55	10.6	0	17.41
60	17.41	15.55	0.2	13.14
61	13.14	17.41	0.4	10.6
62	10.6	13.14	0.5	8.87
63	8.87	10.6	0	7.42
64	7.42	8.87	0	6.45
65	6.45	7.42	0	5.74
66	5.74	6.45	1.1	5.23
67	5.23	5.74	1.1	4.93
68	4.93	5.23	0	4.57
69	4.57	4.93	0.5	4.34
70	4.34	4.57	5.1	4.28
71	4.28	4.34	2.8	4.45
72	4.45	4.28	0.1	4.34
73	4.34	4.45	6.8	4.57
74	4.57	4.34	8.5	5.61
75	5.61	4.57	2.2	19.05
76	19.05	5.61	0.1	15.55
77	15.55	19.05	2.5	11.61
78	11.61	15.55	0.7	9.53
79	9.53	11.61	0	8.54
80	8.54	9.53	0	7.03
81	7.03	8.54	0.3	6.32
82	6.32	7.03	15.9	8.87
83	8.87	6.32	4.9	23.65
84	23.65	8.87	0.3	15.55
85	15.55	23.65	0	11.28
86	11.28	15.55	0	9.2
87	9.2	11.28	0.7	8.08
88	8.08	9.2	2.2	7.36
89	7.36	8.08	0.8	6.77
90	6.77	7.36	1.7	6.32
91	6.32	6.77	0.6	6.19
92	6.19	6.32	0.2	5.54
93	5.54	6.19	3.3	5.3
94	5.3	5.54	13.5	6.19
95	6.19	5.3	27.7	33.28
96	33.28	6.19	3.5	49.71
97	49.71	33.28	1.1	27.04
98	27.04	49.71	0	18.28
99	18.28	27.04	0	13.58
100	13.58	18.28	0	10.95
101	10.95	13.58	0	9.2
102	9.2	10.95	0	8.08
103	8.08	9.2	0	7.29
104	7.29	8.08	0	6.51
105	6.51	7.29	0	5.87
106	5.87	6.51	0	5.42
107	5.42	5.87	0	5.05
108	5.05	5.42	1.1	5.49
109	5.49	5.05	8.8	9.79
110	9.79	5.49	15.4	17.08
111	17.08	9.79	0.7	12.48
112	12.48	17.08	0.1	10.24
113	10.24	12.48	1.3	8.87
114	8.87	10.24	16.3	11.28
115	11.28	8.87	6.3	22.77
116	22.77	11.28	9	19.49
117	19.49	22.77	0.2	19.93
118	19.93	19.49	0.7	16.64
119	16.64	19.93	13.5	23.65
120	23.65	16.64	0	19.05
121	19.05	23.65	0	15.11
122	15.11	19.05	0	11.61
123	11.61	15.11	0	9.53
124	9.53	11.61	5.5	8.54
125	8.54	9.53	17.6	9.53
126	9.53	8.54	0.3	9.53
127	9.53	9.53	0.2	7.69
128	7.69	9.53	5.8	7.16
129	7.16	7.69	0.6	6.7
130	6.7	7.16	1.8	5.93
131	5.93	6.7	0.1	5.3
132	5.3	5.93	0	4.74
133	4.74	5.3	0.3	4.39
134	4.39	4.74	0	4.05
135	4.05	4.39	0.1	3.88
136	3.88	4.05	6.8	3.88
137	3.88	3.88	0.4	5.05
138	5.05	3.88	0.4	3.93
139	3.93	5.05	0.3	3.5
140	3.5	3.93	2.2	3.77
141	3.77	3.5	15.5	5.8
142	5.8	3.77	12	13.8
143	13.8	5.8	0.2	20.37
144	20.37	13.8	0	10.95
145	10.95	20.37	0.3	8.08
146	8.08	10.95	0.2	6.63
147	6.63	8.08	0.1	5.67
148	5.67	6.63	0	4.86
149	4.86	5.67	9.2	5.05
150	5.05	4.86	5.2	4.63
151	4.63	5.05	0.2	4.39
152	4.39	4.63	0.4	3.82
153	3.82	4.39	0	3.39
154	3.39	3.82	0.2	3.13
155	3.13	3.39	1.6	2.88
156	2.88	3.13	3.4	2.78
157	2.78	2.88	1.2	2.88
158	2.88	2.78	0.4	2.74
159	2.74	2.88	9.3	2.93
160	2.93	2.74	0	3.39
161	3.39	2.93	0.5	2.88
162	2.88	3.39	2.9	2.51
163	2.51	2.88	0	2.46
164	2.46	2.51	0	2.37
165	2.37	2.46	14.7	3.84
166	3.84	2.37	3.5	5.1
167	5.1	3.84	6.2	4.11
168	4.11	5.1	0.3	4.74
169	4.74	4.11	1	3.19
170	3.19	4.74	14.6	5.05
171	5.05	3.19	0.2	5.67
172	5.67	5.05	7.9	5.99
173	5.99	5.67	0.4	4.05
174	4.05	5.99	0	3.39
175	3.39	4.05	0	3.03
176	3.03	3.39	3.2	2.41
177	2.41	3.03	1.8	2.32
178	2.32	2.41	4.4	2.41
179	2.41	2.32	6.7	2.37
180	2.37	2.41	0	2.11
181	2.11	2.37	0	2.11
182	2.11	2.11	0	1.99
183	1.99	2.11	0	1.76
184	1.76	1.99	0	1.69
185	1.69	1.76	0.7	2.03
186	2.03	1.69	8.8	2.32
187	2.32	2.03	28.4	9.2
188	9.2	2.32	0.5	5.99
189	5.99	9.2	0.3	3.66
190	3.66	5.99	0.6	2.74
191	2.74	3.66	0.1	2.59
192	2.59	2.74	3.7	2.59
193	2.59	2.59	6.1	2.37
194	2.37	2.59	2	3.03
195	3.03	2.37	8.2	4.98
196	4.98	3.03	3.5	6.57
197	6.57	4.98	0.2	4.81
198	4.81	6.57	0	3.39
199	3.39	4.81	0	3.03
200	3.03	3.39	0.4	2.64
201	2.64	3.03	8.8	6.68
202	6.68	2.64	0.2	3.45
203	3.45	6.68	0.9	2.64
204	2.64	3.45	11.1	3.09
205	3.09	2.64	23.2	6.25
206	6.25	3.09	0.5	8.87
207	8.87	6.25	31.9	36.24
208	36.24	8.87	7.6	17.41
209	17.41	36.24	1.9	11.61
210	11.61	17.41	0	8.01
211	8.01	11.61	1.5	6.32
212	6.32	8.01	0.3	5.49
213	5.49	6.32	1.4	4.98
214	4.98	5.49	7.4	5.23
215	5.23	4.98	18	24.42
216	24.42	5.23	6.9	25.29
217	25.29	24.42	0.1	12.04
218	12.04	25.29	2.9	8.54
219	8.54	12.04	0	6.83
220	6.83	8.54	2.4	5.67
221	5.67	6.83	2.9	4.98
222	4.98	5.67	7.5	4.86
223	4.86	4.98	6.7	5.23
224	5.23	4.86	3.9	12.48
225	12.48	5.23	0.5	9.88
226	9.88	12.48	0.1	6.77
227	6.77	9.88	1.3	5.35
228	5.35	6.77	0	4.69
229	4.69	5.35	0	4.16
230	4.16	4.69	0	3.88
231	3.88	4.16	0	4.05
232	4.05	3.88	0.4	3.13
233	3.13	4.05	3.8	2.32
234	2.32	3.13	5	3.13
235	3.13	2.32	1.2	2.84
236	2.84	3.13	0.1	2.74
237	2.74	2.84	0	2.55
238	2.55	2.74	0	2.51
239	2.51	2.55	1.2	2.28
240	2.28	2.51	4	2.28
241	2.28	2.28	9.8	2.51
242	2.51	2.28	6.3	2.41
243	2.41	2.51	0.4	2.84
244	2.84	2.41	7.3	2.98
245	2.98	2.84	22.1	5.32
246	5.32	2.98	0.1	7.29
247	7.29	5.32	0	4.93
248	4.93	7.29	0	4
249	4	4.93	0	3.39
250	3.39	4	0	3.09
251	3.09	3.39	0	2.64
252	2.64	3.09	0	2.69
253	2.69	2.64	0	2.55
254	2.55	2.69	1.7	2.46
255	2.46	2.55	0.5	2.59
256	2.59	2.46	30.6	2.59
257	2.59	2.59	0	7.49
258	7.49	2.59	0	4.74
259	4.74	7.49	0	3.71
260	3.71	4.74	0	3.23
261	3.23	3.71	0	2.93
262	2.93	3.23	0	2.78
263	2.78	2.93	0.2	2.59
264	2.59	2.78	16.8	2.74
265	2.74	2.59	4.5	4.45
266	4.45	2.74	0.1	5.35
267	5.35	4.45	0	4.39
268	4.39	5.35	0.3	3.82
269	3.82	4.39	0.1	5.49
270	5.49	3.82	59.1	64.93
271	64.93	5.49	0.9	33.28
272	33.28	64.93	0.3	18.61
273	18.61	33.28	13.6	27.92
274	27.92	18.61	0	19.93
275	19.93	27.92	0	14.34
276	14.34	19.93	3.9	11.28
277	11.28	14.34	0	9.53
278	9.53	11.28	2.7	8.15
279	8.15	9.53	0	7.29
280	7.29	8.15	0	6.57
281	6.57	7.29	0.1	6.06
282	6.06	6.57	11.5	6.45
283	6.45	6.06	5.5	10.6
284	10.6	6.45	0.1	9.2
285	9.2	10.6	0	7.82
286	7.82	9.2	0	6.83
287	6.83	7.82	0.1	6.32
288	6.32	6.83	0.2	5.93
289	5.93	6.32	0.7	5.05
290	5.05	5.93	0	5.42
291	5.42	5.05	0	5.05
292	5.05	5.42	0	4.69
293	4.69	5.05	0	4.45
294	4.45	4.69	0	4.28
295	4.28	4.45	0	4.05
296	4.05	4.28	2.9	3.88
297	3.88	4.05	0.8	3.88
298	3.88	3.88	0.4	3.82
299	3.82	3.88	10.5	3.88
300	3.88	3.82	0.2	4.16
301	4.16	3.88	1.4	4.81
302	4.81	4.16	20.8	29.12
303	29.12	4.81	0.2	27.04
304	27.04	29.12	0.1	15.88
305	15.88	27.04	2.2	12.04
306	12.04	15.88	1.3	10.24
307	10.24	12.04	0.5	8.87
308	8.87	10.24	1.4	7.75
309	7.75	8.87	1	7.23
310	7.23	7.75	0	6.7
311	6.7	7.23	0	6.25
312	6.25	6.7	0.2	5.87
313	5.87	6.25	0.2	5.54
314	5.54	5.87	0	5.42
315	5.42	5.54	20.4	15.99
316	15.99	5.42	0.6	30.55
317	30.55	15.99	0	17.85
318	17.85	30.55	7.6	14.67
319	14.67	17.85	0.8	12.81
320	12.81	14.67	2.8	11.28
321	11.28	12.81	0.3	10.6
322	10.6	11.28	0.7	9.53
323	9.53	10.6	4.9	9.99
324	9.99	9.53	20.3	26.06
325	26.06	9.99	11.9	47.52
326	47.52	26.06	0.1	31.42
327	31.42	47.52	0	25.29
328	25.29	31.42	1	20.37
329	20.37	25.29	19	37.45
330	37.45	20.37	0.8	45.33
331	45.33	37.45	0	27.92
332	27.92	45.33	0.8	21.13
333	21.13	27.92	0	16.64
334	16.64	21.13	0	14.01
335	14.01	16.64	0	12.04
336	12.04	14.01	0	10.6
337	10.6	12.04	0	9.88
338	9.88	10.6	0.2	9.2
339	9.2	9.88	0.4	8.54
340	8.54	9.2	0	9.53
341	9.53	8.54	24.6	22.77
342	22.77	9.53	7.9	27.92
343	27.92	22.77	0.1	20.37
344	20.37	27.92	0	16.64
345	16.64	20.37	10.1	15.11
346	15.11	16.64	0	13.58
347	13.58	15.11	0	13.14
348	13.14	13.58	0	12.81
349	12.81	13.14	0	12.04
350	12.04	12.81	0	10.95
351	10.95	12.04	0.4	10.24
352	10.24	10.95	0	8.87
353	8.87	10.24	0	8.21
354	8.21	8.87	0	8.08
355	8.08	8.21	9.6	20.37
356	20.37	8.08	20.9	52.99
357	52.99	20.37	0.2	28.8
358	28.8	52.99	0	21.13
359	21.13	28.8	0.1	16.64
360	16.64	21.13	1.1	14.34
361	14.34	16.64	8.1	15.88
362	15.88	14.34	15.2	40.18
363	40.18	15.88	0.1	33.39
364	33.39	40.18	0	24.42
365	24.42	33.39	0	19.05
366	19.05	24.42	0	16.2
367	16.2	19.05	0.3	14.34
368	14.34	16.2	4	13.58
369	13.58	14.34	5	14.34
370	14.34	13.58	0.1	14.34
371	14.34	14.34	0	13.58
372	13.58	14.34	0	12.04
373	12.04	13.58	0	11.61
374	11.61	12.04	0	10.95
375	10.95	11.61	0.1	10.24
376	10.24	10.95	0.4	9.88
377	9.88	10.24	0.3	9.2
378	9.2	9.88	10.3	9.53
379	9.53	9.2	2.6	12.04
380	12.04	9.53	3.3	12.04
381	12.04	12.04	1.6	12.81
382	12.81	12.04	2	13.14
383	13.14	12.81	6.3	15.11
384	15.11	13.14	6.8	17.85
385	17.85	15.11	0.8	18.28
386	18.28	17.85	0	15.55
387	15.55	18.28	0.2	14.34
388	14.34	15.55	17.4	13.58
389	13.58	14.34	0	12.48
390	12.48	13.58	0	11.28
391	11.28	12.48	0.2	12.04
392	12.04	11.28	3	21.13
393	21.13	12.04	0.1	21.13
394	21.13	21.13	0	18.28
395	18.28	21.13	0.6	16.64
396	16.64	18.28	0	15.11
397	15.11	16.64	0	14.01
398	14.01	15.11	3.5	13.14
399	13.14	14.01	0	12.04
400	12.04	13.14	0	10.95
401	10.95	12.04	0.1	10.6
402	10.6	10.95	1.1	9.88
403	9.88	10.6	4.1	10.24
404	10.24	9.88	6	12.48
405	12.48	10.24	0	14.67
406	14.67	12.48	0.8	14.01
407	14.01	14.67	5.3	14.34
408	14.34	14.01	0.6	14.01
409	14.01	14.34	2.5	12.48
410	12.48	14.01	4.6	12.81
411	12.81	12.48	0	13.14
412	13.14	12.81	0.1	12.04
413	12.04	13.14	0.1	11.28
414	11.28	12.04	0	10.6
415	10.6	11.28	4.5	10.24
416	10.24	10.6	4.8	10.24
417	10.24	10.24	0.1	9.53
418	9.53	10.24	0	8.87
419	8.87	9.53	0	8.21
420	8.21	8.87	0.1	8.01
421	8.01	8.21	0	7.75
422	7.75	8.01	0.7	7.55
423	7.55	7.75	0.4	7.1
424	7.1	7.55	0	6.7
425	6.7	7.1	0	6.51
426	6.51	6.7	4.2	6.51
427	6.51	6.51	0.1	6.38
428	6.38	6.51	0.1	5.99
429	5.99	6.38	0	5.8
430	5.8	5.99	0	5.61
431	5.61	5.8	0.1	5.49
432	5.49	5.61	0	5.3
433	5.3	5.49	0.8	5.74
434	5.74	5.3	15.6	7.23
435	7.23	5.74	0.1	8.01
436	8.01	7.23	0.1	7.16
437	7.16	8.01	0.8	7.1
438	7.1	7.16	6	7.49
439	7.49	7.1	1.3	8.21
440	8.21	7.49	0	8.87
441	8.87	8.21	0.7	8.54
442	8.54	8.87	0.3	8.54
443	8.54	8.54	0.1	8.01
444	8.01	8.54	0	7.42
445	7.42	8.01	0	6.9
446	6.9	7.42	0.2	6.51
447	6.51	6.9	5	6.45
448	6.45	6.51	0.2	6.51
449	6.51	6.45	0	6.12
450	6.12	6.51	1.3	5.8
451	5.8	6.12	0.6	5.61
452	5.61	5.8	14.2	6.12
453	6.12	5.61	2.2	8.87
454	8.87	6.12	4.6	8.87
455	8.87	8.87	0.6	9.53
456	9.53	8.87	0.5	9.53
457	9.53	9.53	0.1	8.87
458	8.87	9.53	0.1	8.15
459	8.15	8.87	1	9.41
460	9.41	8.15	27.8	32.85
461	32.85	9.41	0.3	33.39
462	33.39	32.85	0.7	21.13
463	21.13	33.39	0.4	15.55
464	15.55	21.13	2	12.81
465	12.81	15.55	4	11.28
466	11.28	12.81	0.2	10.24
467	10.24	11.28	0	8.87
468	8.87	10.24	1	8.21
469	8.21	8.87	2.4	8.01
470	8.01	8.21	0.9	7.62
471	7.62	8.01	0	7.1
472	7.1	7.62	0	6.57
473	6.57	7.1	0.1	6.25
474	6.25	6.57	1.4	5.99
475	5.99	6.25	0	5.74
476	5.74	5.99	0	5.42
477	5.42	5.74	2.6	5.35
478	5.35	5.42	10.6	5.74
479	5.74	5.35	17.9	33.5
480	33.5	5.74	0.8	22.77
481	22.77	33.5	0	14.67
482	14.67	22.77	0.5	11.28
483	11.28	14.67	0.5	9.53
484	9.53	11.28	6.5	8.87
485	8.87	9.53	0.7	8.01
486	8.01	8.87	18.9	9.2
487	9.2	8.01	1	10.95
488	10.95	9.2	1	8.87
489	8.87	10.95	0.2	8.08
490	8.08	8.87	3.1	7.23
491	7.23	8.08	1.3	6.77
492	6.77	7.23	6.6	7.69
493	7.69	6.77	5.8	7.29
494	7.29	7.69	1.3	9.53
495	9.53	7.29	1.9	8.54
496	8.54	9.53	0.6	13.58
497	13.58	8.54	0.7	8.87
498	8.87	13.58	14.8	7.55
499	7.55	8.87	15.6	20.91
500	20.91	7.55	1.3	23.65
501	23.65	20.91	5.2	14.34
502	14.34	23.65	0.1	10.95
503	10.95	14.34	2.2	9.2
504	9.2	10.95	0	8.01
505	8.01	9.2	1.4	6.96
506	6.96	8.01	0	6.19
507	6.19	6.96	0	5.61
508	5.61	6.19	0	5.1
509	5.1	5.61	0	4.74
510	4.74	5.1	0	4.39
511	4.39	4.74	0	4.11
512	4.11	4.39	0.2	3.82
513	3.82	4.11	2	3.93
514	3.93	3.82	0.8	3.77
515	3.77	3.93	0.8	3.39
516	3.39	3.77	0	3.13
517	3.13	3.39	0	3.03
518	3.03	3.13	0	2.98
519	2.98	3.03	1	2.69
520	2.69	2.98	2	2.69
521	2.69	2.69	0.3	2.78
522	2.78	2.69	0.4	2.46
523	2.46	2.78	8.4	2.46
524	2.46	2.46	6.5	3.09
525	3.09	2.46	55.3	22.88
526	22.88	3.09	14.7	62.85
527	62.85	22.88	1.2	32.41
528	32.41	62.85	2.7	20.37
529	20.37	32.41	0.6	15.88
530	15.88	20.37	0.1	9.88
531	9.88	15.88	0	7.23
532	7.23	9.88	1.9	6.57
533	6.57	7.23	3.5	5.87
534	5.87	6.57	4.4	4.98
535	4.98	5.87	10.4	4.57
536	4.57	4.98	32.5	38.98
537	38.98	4.57	4.9	27.04
538	27.04	38.98	0.5	15.55
539	15.55	27.04	0	10.95
540	10.95	15.55	1	8.21
541	8.21	10.95	0	6.7
542	6.7	8.21	0	5.42
543	5.42	6.7	0	4.69
544	4.69	5.42	8.7	4.22
545	4.22	4.69	12.5	9.5
546	9.5	4.22	10.5	17.41
547	17.41	9.5	0.4	9.88
548	9.88	17.41	2.6	7.1
549	7.1	9.88	0.4	6.32
550	6.32	7.1	13.4	6.19
551	6.19	6.32	17.6	7.23
552	7.23	6.19	12.6	29.01
553	29.01	7.23	1.6	17.85
554	17.85	29.01	8.9	14.34
555	14.34	17.85	19.3	51.9
556	51.9	14.34	2.5	27.92
557	27.92	51.9	2.9	33.39
558	33.39	27.92	1.3	24.42
559	24.42	33.39	3.9	16.64
560	16.64	24.42	0.2	13.14
561	13.14	16.64	0.5	9.53
562	9.53	13.14	0.1	8.01
563	8.01	9.53	3.3	6.83
564	6.83	8.01	0.6	5.99
565	5.99	6.83	0.5	5.3
566	5.3	5.99	0	4.86
567	4.86	5.3	0.2	4.39
568	4.39	4.86	2.8	4.05
569	4.05	4.39	0.1	5.1
570	5.1	4.05	0	4.28
571	4.28	5.1	2.1	4.16
572	4.16	4.28	26.6	6.51
573	6.51	4.16	6.2	5.99
574	5.99	6.51	0.2	8.15
575	8.15	5.99	4.8	7.69
576	7.69	8.15	0.1	5.93
577	5.93	7.69	0.1	4.57
578	4.57	5.93	0	4.16
579	4.16	4.57	0.7	3.93
580	3.93	4.16	2.9	4.39
581	4.39	3.93	7.4	3.82
582	3.82	4.39	1.7	3.77
583	3.77	3.82	5.5	4.69
584	4.69	3.77	23	11.28
585	11.28	4.69	8.7	14.01
586	14.01	11.28	15.6	27.92
587	27.92	14.01	10.2	34.38
588	34.38	27.92	0.1	19.93
589	19.93	34.38	0.1	12.81
590	12.81	19.93	0.1	9.88
591	9.88	12.81	3	7.82
592	7.82	9.88	3.3	7.1
593	7.1	7.82	0	6.38
594	6.38	7.1	0	5.61
595	5.61	6.38	2	5.05
596	5.05	5.61	2.5	5.1
597	5.1	5.05	29.4	9.2
598	9.2	5.1	3	27.04
599	27.04	9.2	0.7	14.34
600	14.34	27.04	1.7	10.24
601	10.24	14.34	0	8.54
602	8.54	10.24	0	7.03
603	7.03	8.54	0	5.99
604	5.99	7.03	0.1	5.61
605	5.61	5.99	3.5	5.8
606	5.8	5.61	0.9	8.54
607	8.54	5.8	0.3	6.32
608	6.32	8.54	0	5.23
609	5.23	6.32	0	4.63
610	4.63	5.23	0	4.16
611	4.16	4.63	0	4.11
612	4.11	4.16	0.8	3.93
613	3.93	4.11	7.4	3.88
614	3.88	3.93	0	3.77
615	3.77	3.88	0.1	3.6
616	3.6	3.77	1.1	3.39
617	3.39	3.6	0.9	3.03
618	3.03	3.39	4.8	3.45
619	3.45	3.03	3.4	3.23
620	3.23	3.45	0	3.23
621	3.23	3.23	0.6	2.88
622	2.88	3.23	2.8	2.69
623	2.69	2.88	0.2	2.55
624	2.55	2.69	0.1	2.16
625	2.16	2.55	0	2.41
626	2.41	2.16	0	2.69
627	2.69	2.41	1.8	2.69
628	2.69	2.69	4.1	2.41
629	2.41	2.69	7.3	2.46
630	2.46	2.41	0	2.47
631	2.47	2.46	0	2.04
632	2.04	2.47	0	2.19
633	2.19	2.04	0	2.47
634	2.47	2.19	0	2.62
635	2.62	2.47	0	2.1
636	2.1	2.62	2.7	2.17
637	2.17	2.1	1.9	2.15
638	2.15	2.17	0	2.01
639	2.01	2.15	0	2.08
640	2.08	2.01	0	2.26
641	2.26	2.08	0.1	2.42
642	2.42	2.26	0.2	1.97
643	1.97	2.42	1.8	2.1
644	2.1	1.97	0.8	2.06
645	2.06	2.1	1.9	1.82
646	1.82	2.06	0	1.96
647	1.96	1.82	0	2.28
648	2.28	1.96	0	2.28
649	2.28	2.28	0	1.95
650	1.95	2.28	0	2.04
651	2.04	1.95	0.1	1.97
652	1.97	2.04	0.2	1.9
653	1.9	1.97	0	1.73
654	1.73	1.9	0.1	2.35
655	2.35	1.73	20	2.51
656	2.51	2.35	3.4	2.17
657	2.17	2.51	0.1	2.37
658	2.37	2.17	24.7	3.33
659	3.33	2.37	3	5.46
660	5.46	3.33	10.6	6.01
661	6.01	5.46	9.5	10.55
662	10.55	6.01	5.6	10.47
663	10.47	10.55	0	13.03
664	13.03	10.47	5.7	9.31
665	9.31	13.03	0	7.49
666	7.49	9.31	0.1	6.11
667	6.11	7.49	0.1	5.54
668	5.54	6.11	0.1	4.82
669	4.82	5.54	0	4.41
670	4.41	4.82	0	4.14
671	4.14	4.41	0	3.86
672	3.86	4.14	0	3.68
673	3.68	3.86	0	3.39
674	3.39	3.68	5.3	3.45
675	3.45	3.39	0	3.37
676	3.37	3.45	0	3.25
677	3.25	3.37	0.5	3.09
678	3.09	3.25	1.2	3.03
679	3.03	3.09	0.5	2.93
680	2.93	3.03	0	2.78
681	2.78	2.93	0	2.74
682	2.74	2.78	0.1	2.78
683	2.78	2.74	0	2.81
684	2.81	2.78	0	2.73
685	2.73	2.81	0.7	2.63
686	2.63	2.73	0.5	2.55
687	2.55	2.63	0	2.22
688	2.22	2.55	0	2.39
689	2.39	2.22	13.2	3.07
690	3.07	2.39	2.7	3.28
691	3.28	3.07	0	3.01
692	3.01	3.28	0	2.92
693	2.92	3.01	0.7	2.56
694	2.56	2.92	0	2.45
695	2.45	2.56	0.5	2.52
696	2.52	2.45	0	2.63
697	2.63	2.52	0.2	3.07
698	3.07	2.63	0.1	2.52
699	2.52	3.07	0.1	2.52
700	2.52	2.52	0	2.43
701	2.43	2.52	3.4	2.12
702	2.12	2.43	4.9	2.37
703	2.37	2.12	9.1	3.36
704	3.36	2.37	3	4.49
705	4.49	3.36	0	5.08
706	5.08	4.49	0	5.15
707	5.15	5.08	0.1	4.75
708	4.75	5.15	0.6	4.36
709	4.36	4.75	3	4.49
710	4.49	4.36	0.1	4.31
711	4.31	4.49	0.1	4.13
712	4.13	4.31	0	3.85
713	3.85	4.13	0.2	3.99
714	3.99	3.85	7.5	3.99
715	3.99	3.99	0	4.27
716	4.27	3.99	0.2	4.38
717	4.38	4.27	13.4	6.44
718	6.44	4.38	1.7	13.8
719	13.8	6.44	0	12.26
720	12.26	13.8	0	9.76
721	9.76	12.26	0	8.15
722	8.15	9.76	0	7.08
723	7.08	8.15	0.1	6.59
724	6.59	7.08	0.8	5.96
725	5.96	6.59	2	5.72
726	5.72	5.96	0.3	5.32
727	5.32	5.72	0.5	4.84
728	4.84	5.32	0.6	4.55
729	4.55	4.84	0.2	4.23
730	4.23	4.55	0	4.07
731	4.07	4.23	0	3.83
732	3.83	4.07	1	3.81
733	3.81	3.83	2.2	3.77
734	3.77	3.81	7.6	3.94
735	3.94	3.77	0.6	4.85
736	4.85	3.94	0.4	5.06
737	5.06	4.85	0	4.93
738	4.93	5.06	0.4	4.6
739	4.6	4.93	0	4.4
740	4.4	4.6	0.2	4.27
741	4.27	4.4	1.5	4.23
742	4.23	4.27	0	4.04
743	4.04	4.23	0	3.74
744	3.74	4.04	0	3.77
745	3.77	3.74	0.3	3.77
746	3.77	3.77	0.3	3.61
747	3.61	3.77	0	3.53
748	3.53	3.61	0.6	3.48
749	3.48	3.53	3.2	3.35
750	3.35	3.48	0.1	3.09
751	3.09	3.35	5.6	3.48
752	3.48	3.09	11.6	5.17
753	5.17	3.48	12.8	20.37
754	20.37	5.17	17.9	45.33
755	45.33	20.37	4.1	44.23
756	44.23	45.33	0	25.29
757	25.29	44.23	0	17.63
758	17.63	25.29	0	13.8
759	13.8	17.63	1.4	11.61
760	11.61	13.8	0.6	10.18
761	10.18	11.61	0.1	9.37
762	9.37	10.18	8	9.18
763	9.18	9.37	3.7	9.53
764	9.53	9.18	0	9.51
765	9.51	9.53	0.1	9.13
766	9.13	9.51	2	8.67
767	8.67	9.13	5.5	9.31
768	9.31	8.67	2.6	11.17
769	11.17	9.31	0.2	11.28
770	11.28	11.17	0.2	10.61
771	10.61	11.28	0	9.48
772	9.48	10.61	0.2	8.86
773	8.86	9.48	0.1	8.12
774	8.12	8.86	0.3	7.42
775	7.42	8.12	0.9	7.31
776	7.31	7.42	0.4	6.86
777	6.86	7.31	0.5	6.35
778	6.35	6.86	2.1	5.73
779	5.73	6.35	0.2	5.72
780	5.72	5.73	0	5.17
781	5.17	5.72	0.2	4.98
782	4.98	5.17	0.2	4.86
783	4.86	4.98	0.1	4.6
784	4.6	4.86	0.2	4.2
785	4.2	4.6	0.1	4.05
786	4.05	4.2	0	4.2
787	4.2	4.05	0.6	4.07
788	4.07	4.2	1.4	4.03
789	4.03	4.07	3	4.1
790	4.1	4.03	0	3.91
791	3.91	4.1	1.7	3.9
792	3.9	3.91	5.4	3.84
793	3.84	3.9	3.9	4.51
794	4.51	3.84	3	4.97
795	4.97	4.51	0	4.95
796	4.95	4.97	0.8	4.77
797	4.77	4.95	6.8	4.83
798	4.83	4.77	0.8	5.18
799	5.18	4.83	3.2	6.37
800	6.37	5.18	0.3	7.12
801	7.12	6.37	12.4	8.08
802	8.08	7.12	3.2	14.78
803	14.78	8.08	10.3	20.37
804	20.37	14.78	4.8	26.17
805	26.17	20.37	0	21.9
806	21.9	26.17	0	18.5
807	18.5	21.9	0.1	15.66
808	15.66	18.5	0.6	13.25
809	13.25	15.66	2.7	12.37
810	12.37	13.25	0.1	10.62
811	10.62	12.37	0	9.22
812	9.22	10.62	0	8.35
813	8.35	9.22	0.5	7.83
814	7.83	8.35	0.3	7.55
815	7.55	7.83	0.5	6.9
816	6.9	7.55	0.3	6.48
817	6.48	6.9	0.1	6.01
818	6.01	6.48	0.1	5.65
819	5.65	6.01	0	5.35
820	5.35	5.65	0	4.99
821	4.99	5.35	0	4.98
822	4.98	4.99	0.3	4.7
823	4.7	4.98	0	4.55
824	4.55	4.7	0.2	4.29
825	4.29	4.55	0.4	4.16
826	4.16	4.29	0.2	4
827	4	4.16	0	3.83
828	3.83	4	0.1	3.88
829	3.88	3.83	0	3.72
830	3.72	3.88	0.2	3.59
831	3.59	3.72	0.6	3.63
832	3.63	3.59	6.5	3.5
833	3.5	3.63	0.1	3.59
834	3.59	3.5	0	3.33
835	3.33	3.59	9.9	3.43
836	3.43	3.33	1.1	3.94
837	3.94	3.43	2	3.88
838	3.88	3.94	0.1	3.81
839	3.81	3.88	2.5	3.69
840	3.69	3.81	0	3.77
841	3.77	3.69	0.4	3.66
842	3.66	3.77	5.9	3.74
843	3.74	3.66	0.5	4.14
844	4.14	3.74	23.8	7.9
845	7.9	4.14	0.8	17.74
846	17.74	7.9	0.5	14.67
847	14.67	17.74	3.5	11.39
848	11.39	14.67	0.1	9.18
849	9.18	11.39	0	7.93
850	7.93	9.18	0	6.84
851	6.84	7.93	0.8	6.18
852	6.18	6.84	0.3	5.76
853	5.76	6.18	2.5	5.43
854	5.43	5.76	7.1	5.37
855	5.37	5.43	0.2	5.37
856	5.37	5.37	2.6	5.74
857	5.74	5.37	18.4	7.69
858	7.69	5.74	1.4	12.04
859	12.04	7.69	6.2	10.95
860	10.95	12.04	4.5	11.28
861	11.28	10.95	0.4	9.26
862	9.26	11.28	0.6	7.84
863	7.84	9.26	0.1	7
864	7	7.84	0.6	6.12
865	6.12	7	2.3	5.73
866	5.73	6.12	0.7	5.32
867	5.32	5.73	0.9	4.86
868	4.86	5.32	0.8	4.69
869	4.69	4.86	3.3	5.32
870	5.32	4.69	15.9	24.42
871	24.42	5.32	4.5	12.37
872	12.37	24.42	3.5	10.06
873	10.06	12.37	14.6	13.47
874	13.47	10.06	1.6	16.2
875	16.2	13.47	0	12.48
876	12.48	16.2	2.2	10.73
877	10.73	12.48	8.5	9.62
878	9.62	10.73	0	7.94
879	7.94	9.62	0	6.45
880	6.45	7.94	0	5.56
881	5.56	6.45	0	5.41
882	5.41	5.56	6.3	4.73
883	4.73	5.41	11	6.92
884	6.92	4.73	0	6.83
885	6.83	6.92	0	4.81
886	4.81	6.83	0.1	4.2
887	4.2	4.81	0.4	3.85
888	3.85	4.2	0	3.76
889	3.76	3.85	3.6	3.46
890	3.46	3.76	0.6	2.69
891	2.69	3.46	3.5	3.16
892	3.16	2.69	3	3.15
893	3.15	3.16	3.7	3.34
894	3.34	3.15	0.8	2.98
895	2.98	3.34	0	2.85
896	2.85	2.98	0.3	2.65
897	2.65	2.85	10.5	2.11
898	2.11	2.65	9.2	2.59
899	2.59	2.11	0	2.96
900	2.96	2.59	0	2.93
901	2.93	2.96	1	2.18
902	2.18	2.93	2.4	2.1
903	2.1	2.18	0	2.17
904	2.17	2.1	0	1.87
905	1.87	2.17	1.2	1.66
906	1.66	1.87	1.5	2.61
907	2.61	1.66	1.1	1.96
908	1.96	2.61	4.7	1.99
909	1.99	1.96	3.2	2.01
910	2.01	1.99	0	2.01
911	2.01	2.01	0.4	1.8
912	1.8	2.01	11.1	2.01
913	2.01	1.8	11.2	2.78
914	2.78	2.01	3.4	1.99
915	1.99	2.78	0.9	2.07
916	2.07	1.99	1.7	1.99
917	1.99	2.07	0.5	1.9
918	1.9	1.99	1.4	1.71
919	1.71	1.9	10.7	1.84
920	1.84	1.71	5.3	2.81
921	2.81	1.84	0.9	2.1
922	2.1	2.81	2.1	2.04
923	2.04	2.1	6.6	1.93
924	1.93	2.04	0.2	1.84
925	1.84	1.93	0	1.52
926	1.52	1.84	0.1	1.32
927	1.32	1.52	2.8	2.39
928	2.39	1.32	1	1.69
929	1.69	2.39	5.4	1.75
930	1.75	1.69	1	1.71
931	1.71	1.75	1.6	1.84
932	1.84	1.71	0.4	1.73
933	1.73	1.84	0.3	1.07
934	1.07	1.73	0.5	2.27
935	2.27	1.07	1.1	1.49
936	1.49	2.27	7	1.71
937	1.71	1.49	1.4	1.68
938	1.68	1.71	0	1.97
939	1.97	1.68	0.1	1.4
940	1.4	1.97	0	0.82
941	0.82	1.4	0	1.95
942	1.95	0.82	0	1.08
943	1.08	1.95	0	1.34
944	1.34	1.08	4.6	1.31
945	1.31	1.34	1.2	1.37
946	1.37	1.31	0.4	1.3
947	1.3	1.37	0	1.08
948	1.08	1.3	0	1.47
949	1.47	1.08	0.8	1.23
950	1.23	1.47	0.5	1.26
951	1.26	1.23	0.6	1.22
952	1.22	1.26	3.6	1.29
953	1.29	1.22	14.9	1.25
954	1.25	1.29	1.9	2.62
955	2.62	1.25	0	2.7
956	2.7	2.62	4.9	1.97
957	1.97	2.7	0.8	1.59
958	1.59	1.97	0.4	1.53
959	1.53	1.59	2	1.42
960	1.42	1.53	1.9	1.23
961	1.23	1.42	2.3	1.28
962	1.28	1.23	4.8	1.46
963	1.46	1.28	12.8	1.77
964	1.77	1.46	4.7	2.44
965	2.44	1.77	2.4	1.92
966	1.92	2.44	9.3	1.86
967	1.86	1.92	11.4	1.81
968	1.81	1.86	2.2	1.82
969	1.82	1.81	0.1	1.81
970	1.81	1.82	0	1.6
971	1.6	1.81	0	1.4
972	1.4	1.6	0.2	1.34
973	1.34	1.4	0.4	1.34
974	1.34	1.34	14.2	1.73
975	1.73	1.34	35	15.33
976	15.33	1.73	6.2	12.04
977	12.04	15.33	13.2	12.04
978	12.04	12.04	19.7	48.5
979	48.5	12.04	0.8	17.41
980	17.41	48.5	0	10.16
981	10.16	17.41	0	7.36
982	7.36	10.16	0	5.91
983	5.91	7.36	0	4.69
984	4.69	5.91	0.5	4.2
985	4.2	4.69	4.5	3.85
986	3.85	4.2	16.3	4.08
987	4.08	3.85	11.4	6.09
988	6.09	4.08	0	10.89
989	10.89	6.09	0	8.45
990	8.45	10.89	0	6.32
991	6.32	8.45	0	5.23
992	5.23	6.32	0	4.39
993	4.39	5.23	0	3.85
994	3.85	4.39	0	3.5
995	3.5	3.85	0.1	3.13
996	3.13	3.5	0	3.13
997	3.13	3.13	0	2.87
998	2.87	3.13	0.5	2.7
999	2.7	2.87	1.8	2.55
1000	2.55	2.7	0	2.5
1001	2.5	2.55	0	2.45
1002	2.45	2.5	0.2	2.4
1003	2.4	2.45	19.8	3.13
1004	3.13	2.4	6.5	3.71
1005	3.71	3.13	0.7	3.31
1006	3.31	3.71	0.6	2.91
1007	2.91	3.31	3	2.7
1008	2.7	2.91	0.1	2.59
1009	2.59	2.7	0	2.35
1010	2.35	2.59	0	2.35
1011	2.35	2.35	0	2.35
1012	2.35	2.35	0	2.31
1013	2.31	2.35	0.2	2.11
1014	2.11	2.31	0	2.11
1015	2.11	2.11	0.2	1.94
1016	1.94	2.11	0.3	1.9
1017	1.9	1.94	1.9	2.07
1018	2.07	1.9	11.7	2.11
1019	2.11	2.07	0.6	2.07
1020	2.07	2.11	0	2.07
1021	2.07	2.07	0	1.98
1022	1.98	2.07	0	1.94
1023	1.94	1.98	8.4	1.73
1024	1.73	1.94	0	1.94
1025	1.94	1.73	0	2.26
1026	2.26	1.94	0	2.21
1027	2.21	2.26	0	2.11
1028	2.11	2.21	4.7	2.07
1029	2.07	2.11	2.4	2.21
1030	2.21	2.07	19.7	2.59
1031	2.59	2.21	0	14.67
1032	14.67	2.59	0	9.88
1033	9.88	14.67	0	7.23
1034	7.23	9.88	0	5.8
1035	5.8	7.23	0	5.67
1036	5.67	5.8	1	4.39
1037	4.39	5.67	0.9	3.83
1038	3.83	4.39	0	3.59
1039	3.59	3.83	0	3.25
1040	3.25	3.59	0	3.13
1041	3.13	3.25	0	3.02
1042	3.02	3.13	0.5	2.81
1043	2.81	3.02	0	2.65
1044	2.65	2.81	0	2.45
1045	2.45	2.65	0.1	2.55
1046	2.55	2.45	4.5	2.5
1047	2.5	2.55	0.1	2.45
1048	2.45	2.5	0	2.31
1049	2.31	2.45	0.1	2.35
1050	2.35	2.31	9	11.28
1051	11.28	2.35	37.6	7.36
1052	7.36	11.28	0.6	4.58
1053	4.58	7.36	0.1	3.36
1054	3.36	4.58	0.3	3.02
1055	3.02	3.36	0.2	2.91
1056	2.91	3.02	0.1	2.81
1057	2.81	2.91	0	2.81
1058	2.81	2.81	0	3.25
1059	3.25	2.81	7.3	66.35
1060	66.35	3.25	29.7	108.39
1061	108.39	66.35	0	30.55
1062	30.55	108.39	0	21.9
1063	21.9	30.55	21.8	75.11
1064	75.11	21.9	0	40.29
1065	40.29	75.11	0.8	23.65
1066	23.65	40.29	5.5	17.85
1067	17.85	23.65	6.9	14.34
1068	14.34	17.85	0.1	12.04
1069	12.04	14.34	0	10.24
1070	10.24	12.04	0.5	9.53
1071	9.53	10.24	2.4	9.53
1072	9.53	9.53	0	8.87
1073	8.87	9.53	0	8.21
1074	8.21	8.87	0.3	7.42
1075	7.42	8.21	0.3	6.96
1076	6.96	7.42	0	6.83
1077	6.83	6.96	0	6.45
1078	6.45	6.83	0	5.74
1079	5.74	6.45	0	5.54
1080	5.54	5.74	0.3	5.61
1081	5.61	5.54	0.1	5.34
1082	5.34	5.61	0.2	5.41
1083	5.41	5.34	0.1	5.54
1084	5.54	5.41	0.1	4.64
1085	4.64	5.54	6.9	4.71
1086	4.71	4.64	0.8	4.58
1087	4.58	4.71	0	4.58
1088	4.58	4.58	0	4.2
1089	4.2	4.58	0	4.14
1090	4.14	4.2	0.4	4.32
1091	4.32	4.14	1.8	4.77
1092	4.77	4.32	0	4.96
1093	4.96	4.77	0	4.89
1094	4.89	4.96	4.4	5.09
1095	5.09	4.89	0	4.96
1096	4.96	5.09	0	4.51
1097	4.51	4.96	0	4.64
1098	4.64	4.51	0.6	4.71
1099	4.71	4.64	0	4.39
1100	4.39	4.71	0	4.39
1101	4.39	4.39	11.8	5.41
1102	5.41	4.39	3	6.57
1103	6.57	5.41	0	7.62
1104	7.62	6.57	0	6.96
1105	6.96	7.62	0	6.77
1106	6.77	6.96	0	6.38
1107	6.38	6.77	0	5.87
1108	5.87	6.38	0.6	5.67
1109	5.67	5.87	1.8	5.28
1110	5.28	5.67	7.1	5.61
1111	5.61	5.28	2.5	10.17
1112	10.17	5.61	0.2	12.04
1113	12.04	10.17	0.1	9.53
1114	9.53	12.04	0	8.54
1115	8.54	9.53	1.8	8.15
1116	8.15	8.54	2.8	7.49
1117	7.49	8.15	5.3	7.49
1118	7.49	7.49	22.8	10.24
1119	10.24	7.49	5.2	48.61
1120	48.61	10.24	0	30.55
1121	30.55	48.61	0	19.49
1122	19.49	30.55	0	15.55
1123	15.55	19.49	0	12.81
1124	12.81	15.55	0.2	16.2
1125	16.2	12.81	20.9	38.32
1126	38.32	16.2	0.1	21.13
1127	21.13	38.32	0.1	15.88
1128	15.88	21.13	0	12.81
1129	12.81	15.88	0	11.61
1130	11.61	12.81	0	12.04
1131	12.04	11.61	0	12.48
1132	12.48	12.04	0.5	12.48
1133	12.48	12.48	2.4	12.04
1134	12.04	12.48	6.3	12.04
1135	12.04	12.04	3.7	17.85
1136	17.85	12.04	0	19.05
1137	19.05	17.85	0.8	16.64
1138	16.64	19.05	0.3	15.55
1139	15.55	16.64	10.6	21.9
1140	21.9	15.55	0	18.28
1141	18.28	21.9	0	15.11
1142	15.11	18.28	0	13.14
1143	13.14	15.11	0	11.61
1144	11.61	13.14	0	10.6
1145	10.6	11.61	0	9.53
1146	9.53	10.6	0	8.87
1147	8.87	9.53	4	8.21
1148	8.21	8.87	0.2	7.82
1149	7.82	8.21	2	7.36
1150	7.36	7.82	1.5	7.29
1151	7.29	7.36	0.3	6.77
1152	6.77	7.29	0.1	6.63
1153	6.63	6.77	10	8.54
1154	8.54	6.63	0.1	10.95
1155	10.95	8.54	0	9.88
1156	9.88	10.95	0	8.87
1157	8.87	9.88	0	8.54
1158	8.54	8.87	1	8.54
1159	8.54	8.54	25.8	20.37
1160	20.37	8.54	2.7	22.77
1161	22.77	20.37	0.2	16.2
1162	16.2	22.77	0	13.58
1163	13.58	16.2	0	12.04
1164	12.04	13.58	2.1	12.48
1165	12.48	12.04	11.1	17.85
1166	17.85	12.48	0.6	26.17
1167	26.17	17.85	0.3	21.13
1168	21.13	26.17	0	17.85
1169	17.85	21.13	0	15.55
1170	15.55	17.85	1.3	15.11
1171	15.11	15.55	0	14.01
1172	14.01	15.11	0	11.61
1173	11.61	14.01	0	10.24
1174	10.24	11.61	0.4	9.53
1175	9.53	10.24	7	13.47
1176	13.47	9.53	22.6	54.09
1177	54.09	13.47	0.2	31.42
1178	31.42	54.09	2.5	21.9
1179	21.9	31.42	8.5	19.49
1180	19.49	21.9	1.6	19.05
1181	19.05	19.49	0.1	16.2
1182	16.2	19.05	0.1	14.34
1183	14.34	16.2	0.1	12.81
1184	12.81	14.34	0.4	12.04
1185	12.04	12.81	9.4	12.81
1186	12.81	12.04	7	15.88
1187	15.88	12.81	8.3	18.28
1188	18.28	15.88	0	21.13
1189	21.13	18.28	17.1	41.28
1190	41.28	21.13	3	31.42
1191	31.42	41.28	0.2	22.77
1192	22.77	31.42	0	17.41
1193	17.41	22.77	0.2	14.67
1194	14.67	17.41	0	12.04
1195	12.04	14.67	0	10.73
1196	10.73	12.04	0	9.42
1197	9.42	10.73	0	8.76
1198	8.76	9.42	0	8.87
1199	8.87	8.76	8.5	8.76
1200	8.76	8.87	0.7	7.23
1201	7.23	8.76	0	7.12
1202	7.12	7.23	0.1	6.79
1203	6.79	7.12	3.9	6.79
1204	6.79	6.79	0	6.79
1205	6.79	6.79	0.8	6.57
1206	6.57	6.79	2.9	6.57
1207	6.57	6.57	1.2	6.35
1208	6.35	6.57	1.1	6.13
1209	6.13	6.35	0	6.02
1210	6.02	6.13	2.8	6.02
1211	6.02	6.02	8.2	6.35
1212	6.35	6.02	9.1	9.85
1213	9.85	6.35	0.3	10.95
1214	10.95	9.85	0.1	9.85
1215	9.85	10.95	0	8.54
1216	8.54	9.85	0	7.45
1217	7.45	8.54	1.4	10.95
1218	10.95	7.45	22.5	17.52
1219	17.52	10.95	0.2	15.33
1220	15.33	17.52	0	9.85
1221	9.85	15.33	0	8.21
1222	8.21	9.85	0	7.23
1223	7.23	8.21	0.1	7.03
1224	7.03	7.23	0.2	6.32
1225	6.32	7.03	0	5.74
1226	5.74	6.32	0.3	5.28
1227	5.28	5.74	0.4	5.28
1228	5.28	5.28	3.6	5.03
1229	5.03	5.28	0.4	5.99
1230	5.99	5.03	11.4	5.61
1231	5.61	5.99	0.1	5.87
1232	5.87	5.61	0	5.41
1233	5.41	5.87	1.2	4.71
1234	4.71	5.41	3.2	4.71
1235	4.71	4.71	5.1	4.64
1236	4.64	4.71	0.6	4.46
1237	4.46	4.64	0.1	4.02
1238	4.02	4.46	0	3.71
1239	3.71	4.02	0	3.48
1240	3.48	3.71	1.4	3.25
1241	3.25	3.48	13.7	3.95
1242	3.95	3.25	6.3	5.67
1243	5.67	3.95	4.7	5.41
1244	5.41	5.67	0	4.83
1245	4.83	5.41	1.2	4.14
1246	4.14	4.83	6.5	3.66
1247	3.66	4.14	16.8	8.89
1248	8.89	3.66	16.1	20.37
1249	20.37	8.89	0.1	12.81
1250	12.81	20.37	12.7	15.55
1251	15.55	12.81	25.4	41.28
1252	41.28	15.55	0.6	22.77
1253	22.77	41.28	0	14.34
1254	14.34	22.77	0.3	10.24
1255	10.24	14.34	0.3	8.54
1256	8.54	10.24	0	7.1
1257	7.1	8.54	0	6.19
1258	6.19	7.1	0.6	5.47
1259	5.47	6.19	0.1	5.47
1260	5.47	5.47	6.4	5.28
1261	5.28	5.47	3.7	5.54
1262	5.54	5.28	0	5.03
1263	5.03	5.54	1.4	4.14
1264	4.14	5.03	6.6	4.14
1265	4.14	4.14	3.1	3.9
1266	3.9	4.14	2.1	4.64
1267	4.64	3.9	13.4	4.58
1268	4.58	4.64	2.1	4.2
1269	4.2	4.58	5.6	3.83
1270	3.83	4.2	0.2	3.36
1271	3.36	3.83	0	3.13
1272	3.13	3.36	4.8	2.97
1273	2.97	3.13	0.6	2.81
1274	2.81	2.97	0	2.7
1275	2.7	2.81	0	2.35
1276	2.35	2.7	0	2.35
1277	2.35	2.35	0.1	2.45
1278	2.45	2.35	2.2	2.45
1279	2.45	2.45	10.8	2.45
1280	2.45	2.45	7.8	2.55
1281	2.55	2.45	6.5	2.7
1282	2.7	2.55	2.2	2.4
1283	2.4	2.7	9	11.61
1284	11.61	2.4	9.7	4.46
1285	4.46	11.61	1.7	3.83
1286	3.83	4.46	6.6	4.39
1287	4.39	3.83	1.6	3.25
1288	3.25	4.39	0.1	2.87
1289	2.87	3.25	0	2.26
1290	2.26	2.87	0.6	2.4
1291	2.4	2.26	5.5	2.81
1292	2.81	2.4	5.4	2.55
1293	2.55	2.81	1	3.66
1294	3.66	2.55	0	4.14
1295	4.14	3.66	3.5	3.08
1296	3.08	4.14	1.5	2.5
1297	2.5	3.08	1.4	2.35
1298	2.35	2.5	0	2.31
1299	2.31	2.35	0	2.7
1300	2.7	2.31	0.2	2.26
1301	2.26	2.7	0.2	1.9
1302	1.9	2.26	0.9	2.03
1303	2.03	1.9	0	1.78
1304	1.78	2.03	1.6	1.9
1305	1.9	1.78	4.9	2.16
1306	2.16	1.9	0.6	2.07
1307	2.07	2.16	0	1.99
1308	1.99	2.07	0.8	1.95
1309	1.95	1.99	2.5	1.86
1310	1.86	1.95	6.2	1.63
1311	1.63	1.86	7.1	1.7
1312	1.7	1.63	0.7	2.21
1313	2.21	1.7	0.4	1.86
1314	1.86	2.21	1	2.31
1315	2.31	1.86	1.6	1.78
1316	1.78	2.31	0.1	1.78
1317	1.78	1.78	2.6	1.24
1318	1.24	1.78	0	1.35
1319	1.35	1.24	0.4	1.74
1320	1.74	1.35	1.2	1.66
1321	1.66	1.74	0	1.52
1322	1.52	1.66	0	1.52
1323	1.52	1.52	0	1.52
1324	1.52	1.52	0	1.29
1325	1.29	1.52	0	1.41
1326	1.41	1.29	9.9	1.66
1327	1.66	1.41	5.1	1.63
1328	1.63	1.66	0	1.59
1329	1.59	1.63	0	1.55
1330	1.55	1.59	0	1.49
1331	1.49	1.55	0.5	1.35
1332	1.35	1.49	8.6	1.49
1333	1.49	1.35	0.6	1.59
1334	1.59	1.49	0	1.49
1335	1.49	1.59	0	1.41
1336	1.41	1.49	7.2	1.35
1337	1.35	1.41	1	1.31
1338	1.31	1.35	0	1.24
1339	1.24	1.31	0.4	1.26
1340	1.26	1.24	0	1.38
1341	1.38	1.26	0	1.31
1342	1.31	1.38	0	1.52
1343	1.52	1.31	0.1	1.17
1344	1.17	1.52	25.5	1.26
1345	1.26	1.17	0.6	1.49
1346	1.49	1.26	0	1.49
1347	1.49	1.49	0	1.59
1348	1.59	1.49	0	1.55
1349	1.55	1.59	0	1.38
1350	1.38	1.55	0	1.29
1351	1.29	1.38	0	1.31
1352	1.31	1.29	0.1	1.15
1353	1.15	1.31	1.4	1.15
1354	1.15	1.15	0	1.49
1355	1.49	1.15	0.1	1.24
1356	1.24	1.49	0	1.26
1357	1.26	1.24	1.4	1.17
1358	1.17	1.26	0.4	1.2
1359	1.2	1.17	0	0.92
1360	0.92	1.2	0	1.02
1361	1.02	0.92	0.1	1.38
1362	1.38	1.02	0	1.2
1363	1.2	1.38	0	1.24
1364	1.24	1.2	0	1.26
1365	1.26	1.24	0.2	1.2
1366	1.2	1.26	0.2	0.96
1367	0.96	1.2	11.7	1.38
1368	1.38	0.96	0	1.55
1369	1.55	1.38	0.8	1.38
1370	1.38	1.55	0	1.29
1371	1.29	1.38	0.2	1.24
1372	1.24	1.29	0	1.35
1373	1.35	1.24	0	1.02
1374	1.02	1.35	0	1.2
1375	1.2	1.02	0	1.46
1376	1.46	1.2	0.8	1.35
1377	1.35	1.46	0.1	1.24
1378	1.24	1.35	0	1.17
1379	1.17	1.24	0.1	1.2
1380	1.2	1.17	0.1	1.12
1381	1.12	1.2	0	1.1
1382	1.1	1.12	0	1.38
1383	1.38	1.1	0.1	1.31
1384	1.31	1.38	4	1.2
1385	1.2	1.31	0	1.17
1386	1.17	1.2	0	1.2
1387	1.2	1.17	0	1.1
1388	1.1	1.2	1.6	1.12
1389	1.12	1.1	0	1.38
1390	1.38	1.12	0.1	1.17
1391	1.17	1.38	5.1	1.41
1392	1.41	1.17	25.1	1.55
1393	1.55	1.41	5.7	1.82
1394	1.82	1.55	4.4	1.66
1395	1.66	1.82	0	1.49
1396	1.49	1.66	0	1.59
1397	1.59	1.49	4.3	1.7
1398	1.7	1.59	19.3	1.78
1399	1.78	1.7	0.1	3.42
1400	3.42	1.78	0	2.65
1401	2.65	3.42	0	1.63
1402	1.63	2.65	0	1.63
1403	1.63	1.63	0	1.63
1404	1.63	1.63	0.4	1.55
1405	1.55	1.63	2.2	1.49
1406	1.49	1.55	0.1	1.41
1407	1.41	1.49	4.2	1.41
1408	1.41	1.41	0.2	1.2
1409	1.2	1.41	0.1	1.29
1410	1.29	1.2	0.1	1.49
1411	1.49	1.29	0	1.35
1412	1.35	1.49	0	1.26
1413	1.26	1.35	0.1	1.2
1414	1.2	1.26	0.6	1.2
1415	1.2	1.2	0.8	1.2
1416	1.2	1.2	6.3	1.31
1417	1.31	1.2	2.9	1.42
1418	1.42	1.31	0	1.31
1419	1.31	1.42	0	1.2
1420	1.2	1.31	0	1.2
1421	1.2	1.2	0	1.2
1422	1.2	1.2	0	1.2
1423	1.2	1.2	0	1.2
1424	1.2	1.2	0	1.31
1425	1.31	1.2	26.3	2.19
1426	2.19	1.31	0.3	7.22
1427	7.22	2.19	0.2	6.32
1428	6.32	7.22	2.3	4.71
1429	4.71	6.32	2.2	3.83
1430	3.83	4.71	0.4	3.54
1431	3.54	3.83	0	3.02
1432	3.02	3.54	0.1	2.7
1433	2.7	3.02	0.2	2.55
1434	2.55	2.7	0.1	2.5
1435	2.5	2.55	14.4	2.55
1436	2.55	2.5	2	2.51
1437	2.51	2.55	0.3	4.77
1438	4.77	2.51	0.3	5.22
1439	5.22	4.77	9.3	3.83
1440	3.83	5.22	0.4	3.25
1441	3.25	3.83	22.8	5.34
1442	5.34	3.25	2.5	17.63
1443	17.63	5.34	0	21.13
1444	21.13	17.63	0	12.04
1445	12.04	21.13	0	8.87
1446	8.87	12.04	0.4	7.42
1447	7.42	8.87	0.1	6.83
1448	6.83	7.42	0	6.83
1449	6.83	6.83	0	5.99
1450	5.99	6.83	0.2	5.74
1451	5.74	5.99	3.4	6.32
1452	6.32	5.74	0	6.77
1453	6.77	6.32	0.3	7.69
1454	7.69	6.77	5.5	7.23
1455	7.23	7.69	1.2	7.55
1456	7.55	7.23	17.8	9.2
1457	9.2	7.55	0.8	15.11
1458	15.11	9.2	0.2	12.81
1459	12.81	15.11	0	9.88
1460	9.88	12.81	0	8.54
1461	8.54	9.88	1.3	10.24
1462	10.24	8.54	10.6	25.62
1463	25.62	10.24	0.8	18.28
1464	18.28	25.62	0	12.81
1465	12.81	18.28	0	10.24
1466	10.24	12.81	0.1	8.87
1467	8.87	10.24	1.2	8.08
1468	8.08	8.87	0.1	7.49
1469	7.49	8.08	2.4	7.03
1470	7.03	7.49	3.3	6.83
1471	6.83	7.03	0.1	6.38
1472	6.38	6.83	0.3	6.12
1473	6.12	6.38	0	5.93
1474	5.93	6.12	11.5	7.03
1475	7.03	5.93	0.1	10.95
1476	10.95	7.03	0	9.2
1477	9.2	10.95	1.6	9.2
1478	9.2	9.2	7.5	10.24
1479	10.24	9.2	13.4	15.88
1480	15.88	10.24	3.5	19.93
1481	19.93	15.88	0.1	16.64
1482	16.64	19.93	0	12.81
1483	12.81	16.64	0	10.6
1484	10.6	12.81	0	9.2
1485	9.2	10.6	0.1	8.87
1486	8.87	9.2	23.6	23.43
1487	23.43	8.87	3.2	45.33
1488	45.33	23.43	0.1	23.65
1489	23.65	45.33	0.1	16.64
1490	16.64	23.65	0	13.14
1491	13.14	16.64	0	10.95
1492	10.95	13.14	0	9.53
1493	9.53	10.95	0	8.87
1494	8.87	9.53	1.6	7.95
1495	7.95	8.87	0	7.29
1496	7.29	7.95	0	6.77
1497	6.77	7.29	0.1	6.25
1498	6.25	6.77	0.7	6.12
1499	6.12	6.25	14.5	6.9
1500	6.9	6.12	1.5	11.28
1501	11.28	6.9	0	11.28
1502	11.28	11.28	0	10.24
1503	10.24	11.28	0.1	9.2
1504	9.2	10.24	0	8.21
1505	8.21	9.2	0	7.29
1506	7.29	8.21	0	6.77
1507	6.77	7.29	0	6.57
1508	6.57	6.77	0	6.06
1509	6.06	6.57	0	5.67
1510	5.67	6.06	0	5.41
1511	5.41	5.67	0	5.22
1512	5.22	5.41	0.1	5.22
1513	5.22	5.22	8.2	4.96
1514	4.96	5.22	3.2	5.16
1515	5.16	4.96	3.5	5.16
1516	5.16	5.16	2.7	5.87
1517	5.87	5.16	0	6.96
1518	6.96	5.87	0	7.29
1519	7.29	6.96	0	7.16
1520	7.16	7.29	0	6.83
1521	6.83	7.16	0	6.77
1522	6.77	6.83	12.4	13.14
1523	13.14	6.77	17.2	94.27
1524	94.27	13.14	0.2	33.39
1525	33.39	94.27	1.1	21.13
1526	21.13	33.39	0.2	16.2
1527	16.2	21.13	0	12.81
1528	12.81	16.2	0.4	11.28
1529	11.28	12.81	0.1	9.88
1530	9.88	11.28	3.9	10.95
1531	10.95	9.88	16.6	21.9
1532	21.9	10.95	0.2	19.05
1533	19.05	21.9	0	15.55
1534	15.55	19.05	3.5	14.01
1535	14.01	15.55	7.2	15.88
1536	15.88	14.01	2.7	17.08
1537	17.08	15.88	0	14.67
1538	14.67	17.08	0	12.48
1539	12.48	14.67	3.4	11.28
1540	11.28	12.48	0.6	10.24
1541	10.24	11.28	0.2	9.2
1542	9.2	10.24	0	8.87
1543	8.87	9.2	0.3	8.21
1544	8.21	8.87	11.8	10.24
1545	10.24	8.21	0.3	11.28
1546	11.28	10.24	0.1	9.53
1547	9.53	11.28	1.1	10.24
1548	10.24	9.53	16.9	16.64
1549	16.64	10.24	0.3	18.28
1550	18.28	16.64	0.2	14.34
1551	14.34	18.28	0	12.04
1552	12.04	14.34	0	10.24
1553	10.24	12.04	0.2	9.53
1554	9.53	10.24	0	8.54
1555	8.54	9.53	0.1	7.82
1556	7.82	8.54	11.2	9.53
1557	9.53	7.82	12.4	18.61
1558	18.61	9.53	3.4	21.9
1559	21.9	18.61	0.8	17.41
1560	17.41	21.9	0	14.01
1561	14.01	17.41	0	11.61
1562	11.61	14.01	0	10.6
1563	10.6	11.61	0	9.53
1564	9.53	10.6	0	8.54
1565	8.54	9.53	0	7.95
1566	7.95	8.54	6	8.87
1567	8.87	7.95	18.7	15.88
1568	15.88	8.87	15.8	34.38
1569	34.38	15.88	11.4	48.61
1570	48.61	34.38	25.5	125.91
1571	125.91	48.61	8.6	104.34
1572	104.34	125.91	0	43.25
1573	43.25	104.34	0	35.36
1574	35.36	43.25	0	21.9
1575	21.9	35.36	0	17.85
1576	17.85	21.9	0	15.11
1577	15.11	17.85	0.5	14.01
1578	14.01	15.11	18.6	15.55
1579	15.55	14.01	1.3	17.41
1580	17.41	15.55	0	13.58
1581	13.58	17.41	0	12.48
1582	12.48	13.58	6	12.04
1583	12.04	12.48	10.2	14.67
1584	14.67	12.04	22.6	57.48
1585	57.48	14.67	1.5	42.26
1586	42.26	57.48	0.2	24.42
1587	24.42	42.26	0	17.85
1588	17.85	24.42	0.2	14.34
1589	14.34	17.85	1.1	12.48
1590	12.48	14.34	1.2	10.95
1591	10.95	12.48	0.5	9.88
1592	9.88	10.95	8.9	9.88
1593	9.88	9.88	2.6	9.88
1594	9.88	9.88	0.8	8.87
1595	8.87	9.88	0	7.95
1596	7.95	8.87	0	7.36
1597	7.36	7.95	3.8	7.29
1598	7.29	7.36	9.9	8.54
1599	8.54	7.29	0.4	8.87
1600	8.87	8.54	0	7.29
1601	7.29	8.87	1	6.63
1602	6.63	7.29	6.1	6.51
1603	6.51	6.63	0.1	6.9
1604	6.9	6.51	2.6	6.25
1605	6.25	6.9	0	6.32
1606	6.32	6.25	0	5.74
1607	5.74	6.32	0	5.54
1608	5.54	5.74	4	5.47
1609	5.47	5.54	0	5.03
1610	5.03	5.47	0	4.64
1611	4.64	5.03	0	4.2
1612	4.2	4.64	0	4.2
1613	4.2	4.2	0.2	3.95
1614	3.95	4.2	5.4	3.78
1615	3.78	3.95	0	3.54
1616	3.54	3.78	0	3.36
1617	3.36	3.54	0	3.36
1618	3.36	3.36	16.7	3.48
1619	3.48	3.36	0.5	4.08
1620	4.08	3.48	0	3.66
1621	3.66	4.08	3.5	3.43
1622	3.43	3.66	0	3.2
1623	3.2	3.43	0.5	3.04
1624	3.04	3.2	0	2.99
1625	2.99	3.04	9.5	2.87
1626	2.87	2.99	26.3	3.9
1627	3.9	2.87	4.4	9.88
1628	9.88	3.9	6.1	5.93
1629	5.93	9.88	0	4.83
1630	4.83	5.93	0.1	4.02
1631	4.02	4.83	1	3.59
1632	3.59	4.02	0	5.54
1633	5.54	3.59	7.6	5.22
1634	5.22	5.54	5.6	4.2
1635	4.2	5.22	0	3.66
1636	3.66	4.2	0.1	3.02
1637	3.02	3.66	1.7	2.81
1638	2.81	3.02	10.6	2.76
1639	2.76	2.81	0.1	2.59
1640	2.59	2.76	0.7	2.91
1641	2.91	2.59	9.5	5.16
1642	5.16	2.91	30.7	19.6
1643	19.6	5.16	9.2	10.6
1644	10.6	19.6	0	8.21
1645	8.21	10.6	0	5.93
1646	5.93	8.21	0	4.71
1647	4.71	5.93	0	4.26
1648	4.26	4.71	0.6	3.48
1649	3.48	4.26	0.1	3.55
1650	3.55	3.48	5.2	3.19
1651	3.19	3.55	3.1	2.97
1652	2.97	3.19	0.7	2.91
1653	2.91	2.97	1.4	2.5
1654	2.5	2.91	0.2	2.7
1655	2.7	2.5	0.1	2.59
1656	2.59	2.7	0.4	2.4
1657	2.4	2.59	1.4	2.21
1658	2.21	2.4	0	2.16
1659	2.16	2.21	0	2.31
1660	2.31	2.16	0	1.63
1661	1.63	2.31	0.8	1.99
1662	1.99	1.63	0.9	2.11
1663	2.11	1.99	0.4	2.07
1664	2.07	2.11	0.1	1.9
1665	1.9	2.07	0.2	1.82
1666	1.82	1.9	0.3	1.86
1667	1.86	1.82	12	2.03
1668	2.03	1.86	0	2.16
1669	2.16	2.03	3.3	2.07
1670	2.07	2.16	11.2	3.28
1671	3.28	2.07	18.9	5.61
1672	5.61	3.28	3	5.61
1673	5.61	5.61	17.6	6.12
1674	6.12	5.61	3.2	5.16
1675	5.16	6.12	1.9	4.32
1676	4.32	5.16	0	3.83
1677	3.83	4.32	2.1	3.59
1678	3.59	3.83	0.3	3.13
1679	3.13	3.59	0.2	2.65
1680	2.65	3.13	1.8	2.59
1681	2.59	2.65	9	2.45
1682	2.45	2.59	0	2.87
1683	2.87	2.45	0.1	2.59
1684	2.59	2.87	0	2.59
1685	2.59	2.59	0.3	2.31
1686	2.31	2.59	13.6	2.31
1687	2.31	2.31	0.3	3.48
1688	3.48	2.31	0.2	2.37
1689	2.37	3.48	0	2.11
1690	2.11	2.37	0	2.15
1691	2.15	2.11	0	1.95
1692	1.95	2.15	0	1.9
1693	1.9	1.95	2.4	1.86
1694	1.86	1.9	0	1.84
1695	1.84	1.86	0	1.82
1696	1.82	1.84	42.9	8.55
1697	8.55	1.82	16.6	27.04
1698	27.04	8.55	3.1	10.24
1699	10.24	27.04	0.5	7.03
1700	7.03	10.24	0	5.34
1701	5.34	7.03	0	4.51
1702	4.51	5.34	0.1	3.95
1703	3.95	4.51	4	3.9
1704	3.9	3.95	0	3.48
1705	3.48	3.9	0	3.25
1706	3.25	3.48	0	3.02
1707	3.02	3.25	0	2.81
1708	2.81	3.02	0	2.7
1709	2.7	2.81	0.1	2.07
1710	2.07	2.7	0.1	2.4
1711	2.4	2.07	6.2	2.42
1712	2.42	2.4	0	2.5
1713	2.5	2.42	0.1	2.31
1714	2.31	2.5	2.8	2.78
1715	2.78	2.31	12.8	5.22
1716	5.22	2.78	5.7	3.95
1717	3.95	5.22	0.1	3.02
1718	3.02	3.95	10	2.76
1719	2.76	3.02	0.2	3.02
1720	3.02	2.76	0	3.19
1721	3.19	3.02	0	2.81
1722	2.81	3.19	0	2.51
1723	2.51	2.81	0.1	1.9
1724	1.9	2.51	0	2.26
1725	2.26	1.9	0	2.26
1726	2.26	2.26	0.1	2.7
1727	2.7	2.26	0.2	1.78
1728	1.78	2.7	6	2.07
1729	2.07	1.78	0	2.11
1730	2.11	2.07	0.2	1.82
1731	1.82	2.11	0	1.99
1732	1.99	1.82	7.4	2.21
1733	2.21	1.99	4.1	2.21
1734	2.21	2.21	0.1	2.45
1735	2.45	2.21	2.5	2.26
1736	2.26	2.45	8.4	2.31
1737	2.31	2.26	3.5	2.11
1738	2.11	2.31	0	2.59
1739	2.59	2.11	0	2.5
1740	2.5	2.59	0	2.4
1741	2.4	2.5	0	2.21
1742	2.21	2.4	0	1.99
1743	1.99	2.21	0	2.03
1744	2.03	1.99	0	1.66
1745	1.66	2.03	0	1.86
1746	1.86	1.66	0	2.03
1747	2.03	1.86	0	1.78
1748	1.78	2.03	0	1.86
1749	1.86	1.78	0	1.78
1750	1.78	1.86	0	1.7
1751	1.7	1.78	0	1.66
1752	1.66	1.7	0	1.7
1753	1.7	1.66	0	1.95
1754	1.95	1.7	0.2	1.86
1755	1.86	1.95	0	1.7
1756	1.7	1.86	0	2.12
1757	2.12	1.7	0	1.35
1758	1.35	2.12	0	1.49
1759	1.49	1.35	0	1.59
1760	1.59	1.49	0.8	1.86
1761	1.86	1.59	0	1.74
1762	1.74	1.86	0	1.59
1763	1.59	1.74	0	1.59
1764	1.59	1.59	0.1	1.63
1765	1.63	1.59	0	1.41
1766	1.41	1.63	0.5	1.63
1767	1.63	1.41	10.5	2.03
1768	2.03	1.63	0.5	1.86
1769	1.86	2.03	0	1.78
1770	1.78	1.86	0	1.74
1771	1.74	1.78	0	1.82
1772	1.82	1.74	14.4	1.52
1773	1.52	1.82	0	1.95
1774	1.95	1.52	0	2.16
1775	2.16	1.95	0.1	1.99
1776	1.99	2.16	16.3	3.13
1777	3.13	1.99	38.8	44.56
1778	44.56	3.13	43.8	112.77
1779	112.77	44.56	1.4	37.23
1780	37.23	112.77	0	19.05
1781	19.05	37.23	0	13.14
1782	13.14	19.05	0	10.6
1783	10.6	13.14	0.2	8.87
1784	8.87	10.6	0	7.82
1785	7.82	8.87	0	6.96
1786	6.96	7.82	4.2	6.25
1787	6.25	6.96	1.6	6.12
1788	6.12	6.25	0.1	5.61
1789	5.61	6.12	2.1	5.22
1790	5.22	5.61	0.1	4.89
1791	4.89	5.22	0.2	4.77
1792	4.77	4.89	6	4.96
1793	4.96	4.77	0.1	6.19
1794	6.19	4.96	0	6.25
1795	6.25	6.19	0	5.87
1796	5.87	6.25	0.2	5.74
1797	5.74	5.87	25.7	31.75
1798	31.75	5.74	5.9	43.25
1799	43.25	31.75	0.1	21.9
1800	21.9	43.25	0.2	15.55
1801	15.55	21.9	0.1	12.04
1802	12.04	15.55	0	10.24
1803	10.24	12.04	0	8.87
1804	8.87	10.24	0	7.95
1805	7.95	8.87	0	7.16
1806	7.16	7.95	0	6.63
1807	6.63	7.16	2.7	6.45
1808	6.45	6.63	6.8	7.36
1809	7.36	6.45	2	7.03
1810	7.03	7.36	0.1	6.77
1811	6.77	7.03	0	6.57
1812	6.57	6.77	0	6.38
1813	6.38	6.57	0	6.12
1814	6.12	6.38	0	5.74
1815	5.74	6.12	0	5.61
1816	5.61	5.74	0	5.16
1817	5.16	5.61	0	5.28
1818	5.28	5.16	13.1	5.87
1819	5.87	5.28	1.1	6.96
1820	6.96	5.87	2.4	8.01
1821	8.01	6.96	1.2	10.6
1822	10.6	8.01	0.1	10.6
1823	10.6	10.6	0.1	9.2
1824	9.2	10.6	4.2	8.21
1825	8.21	9.2	9.5	8.54
1826	8.54	8.21	7.6	14.67
1827	14.67	8.54	5.5	26.17
1828	26.17	14.67	9.4	40.29
1829	40.29	26.17	1.5	29.67
1830	29.67	40.29	0	21.9
1831	21.9	29.67	0	17.08
1832	17.08	21.9	0	14.67
1833	14.67	17.08	0	14.01
1834	14.01	14.67	0.1	13.14
1835	13.14	14.01	0.4	12.48
1836	12.48	13.14	0.9	11.61
1837	11.61	12.48	0.1	10.24
1838	10.24	11.61	0	9.53
1839	9.53	10.24	12.3	10.6
1840	10.6	9.53	0	10.95
1841	10.95	10.6	4.8	15.11
1842	15.11	10.95	13	37.34
1843	37.34	15.11	0.6	25.29
1844	25.29	37.34	0	17.41
1845	17.41	25.29	0.2	14.34
1846	14.34	17.41	0.4	12.48
1847	12.48	14.34	0	10.6
1848	10.6	12.48	0	9.53
1849	9.53	10.6	0.1	8.87
1850	8.87	9.53	0	8.21
1851	8.21	8.87	0	7.75
1852	7.75	8.21	0	7.16
1853	7.16	7.75	0	6.9
1854	6.9	7.16	0	6.51
1855	6.51	6.9	6.2	6.45
1856	6.45	6.51	4.5	6.9
1857	6.9	6.45	0	7.03
1858	7.03	6.9	0	6.45
1859	6.45	7.03	0.1	6.19
1860	6.19	6.45	5.2	6.25
1861	6.25	6.19	1.1	6.45
1862	6.45	6.25	0.1	6.19
1863	6.19	6.45	0	6.51
1864	6.51	6.19	16.5	9.53
1865	9.53	6.51	0	9.88
1866	9.88	9.53	0	9.53
1867	9.53	9.88	0	8.87
1868	8.87	9.53	0.1	8.21
1869	8.21	8.87	2.8	8.21
1870	8.21	8.21	9.4	19.93
1871	19.93	8.21	0	19.49
1872	19.49	19.93	0	14.67
1873	14.67	19.49	0	12.04
1874	12.04	14.67	0	10.6
1875	10.6	12.04	0.1	9.53
1876	9.53	10.6	0.1	8.54
1877	8.54	9.53	0	7.69
1878	7.69	8.54	0	7.42
1879	7.42	7.69	6.9	7.1
1880	7.1	7.42	6.4	7.49
1881	7.49	7.1	3	10.95
1882	10.95	7.49	0.2	14.67
1883	14.67	10.95	0	11.61
1884	11.61	14.67	0.4	10.24
1885	10.24	11.61	7.5	9.53
1886	9.53	10.24	0	8.87
1887	8.87	9.53	0	8.87
1888	8.87	8.87	0.1	8.54
1889	8.54	8.87	5	8.87
1890	8.87	8.54	3.8	9.53
1891	9.53	8.87	0	11.28
1892	11.28	9.53	11.4	16.2
1893	16.2	11.28	0	16.64
1894	16.64	16.2	0.2	13.58
1895	13.58	16.64	7.4	13.58
1896	13.58	13.58	0.4	13.58
1897	13.58	13.58	0	11.61
1898	11.61	13.58	0	10.6
1899	10.6	11.61	0.5	9.53
1900	9.53	10.6	11.9	43.58
1901	43.58	9.53	17.9	80.15
1902	80.15	43.58	17.9	88.25
1903	88.25	80.15	0.1	43.25
1904	43.25	88.25	0.1	27.92
1905	27.92	43.25	0.1	21.13
1906	21.13	27.92	0	17.41
1907	17.41	21.13	0	14.67
1908	14.67	17.41	0	13.14
1909	13.14	14.67	5	12.48
1910	12.48	13.14	0.1	10.95
1911	10.95	12.48	0	9.88
1912	9.88	10.95	0	9.2
1913	9.2	9.88	0.1	8.87
1914	8.87	9.2	9.2	9.53
1915	9.53	8.87	4.5	10.24
1916	10.24	9.53	0	9.2
1917	9.2	10.24	5.3	9.53
1918	9.53	9.2	5.8	11.28
1919	11.28	9.53	0.1	12.04
1920	12.04	11.28	6.7	11.61
1921	11.61	12.04	8.6	15.55
1922	15.55	11.61	0	15.11
1923	15.11	15.55	0.1	13.14
1924	13.14	15.11	1	11.61
1925	11.61	13.14	0.1	10.24
1926	10.24	11.61	2.1	9.53
1927	9.53	10.24	0.2	8.54
1928	8.54	9.53	0.8	7.95
1929	7.95	8.54	0.2	7.49
1930	7.49	7.95	0	7.1
1931	7.1	7.49	0	6.7
1932	6.7	7.1	0	6.32
1933	6.32	6.7	0.3	6.19
1934	6.19	6.32	13.1	6.9
1935	6.9	6.19	0.7	7.29
1936	7.29	6.9	0	6.57
1937	6.57	7.29	0.4	6.19
1938	6.19	6.57	5.9	6.19
1939	6.19	6.19	0	6.25
1940	6.25	6.19	0.1	5.61
1941	5.61	6.25	0	5.41
1942	5.41	5.61	6.2	5.54
1943	5.54	5.41	5.3	6.25
1944	6.25	5.54	9.6	13.36
1945	13.36	6.25	8.8	28.8
1946	28.8	13.36	2.3	22.77
1947	22.77	28.8	1.7	15.11
1948	15.11	22.77	0	11.61
1949	11.61	15.11	0	9.2
1950	9.2	11.61	1.5	8.08
1951	8.08	9.2	4.8	7.49
1952	7.49	8.08	24.1	37.45
1953	37.45	7.49	2.4	44.23
1954	44.23	37.45	7	33.39
1955	33.39	44.23	6.2	25.29
1956	25.29	33.39	0.1	17.85
1957	17.85	25.29	16.8	22.77
1958	22.77	17.85	0.4	20.37
1959	20.37	22.77	0.1	15.88
1960	15.88	20.37	4	13.58
1961	13.58	15.88	0.7	11.61
1962	11.61	13.58	0.8	9.88
1963	9.88	11.61	0.9	8.54
1964	8.54	9.88	0.2	7.69
1965	7.69	8.54	0	6.77
1966	6.77	7.69	0	6.12
1967	6.12	6.77	0	5.74
1968	5.74	6.12	2.1	5.93
1969	5.93	5.74	18.9	6.83
1970	6.83	5.93	1.9	6.25
1971	6.25	6.83	0	5.34
1972	5.34	6.25	0	4.83
1973	4.83	5.34	0	4.32
1974	4.32	4.83	0.1	5.34
1975	5.34	4.32	11	6.45
1976	6.45	5.34	9.8	5.74
1977	5.74	6.45	0.2	5.09
1978	5.09	5.74	4.3	4.08
1979	4.08	5.09	0.3	3.95
1980	3.95	4.08	0.2	3.71
1981	3.71	3.95	1.8	3.59
1982	3.59	3.71	5.4	4.83
1983	4.83	3.59	0	3.66
1984	3.66	4.83	0.1	3.36
1985	3.36	3.66	0	3.48
1986	3.48	3.36	8.8	3.13
1987	3.13	3.48	1.4	3.13
1988	3.13	3.13	0	3.25
1989	3.25	3.13	0.6	2.7
1990	2.7	3.25	2.8	2.87
1991	2.87	2.7	0.3	3.25
1992	3.25	2.87	0	3.08
1993	3.08	3.25	0.3	2.87
1994	2.87	3.08	0	2.61
1995	2.61	2.87	0.6	2.51
1996	2.51	2.61	0.9	1.7
1997	1.7	2.51	9.4	2.87
1998	2.87	1.7	3.7	2.81
1999	2.81	2.87	0.1	2.45
2000	2.45	2.81	0.1	2.21
2001	2.21	2.45	9.4	2.21
2002	2.21	2.21	0.1	2.21
2003	2.21	2.21	0.5	2.03
2004	2.03	2.21	12	2.11
2005	2.11	2.03	0.8	2.76
2006	2.76	2.11	0.3	2.26
2007	2.26	2.76	0.5	1.95
2008	1.95	2.26	0.2	1.99
2009	1.99	1.95	0	1.86
2010	1.86	1.99	0.1	1.41
2011	1.41	1.86	0.1	1.63
2012	1.63	1.41	0	2.07
2013	2.07	1.63	0	1.78
2014	1.78	2.07	0	1.55
2015	1.55	1.78	0	1.7
2016	1.7	1.55	0	1.55
2017	1.55	1.7	0.2	1.41
2018	1.41	1.55	6.2	1.46
2019	1.46	1.41	2.8	2.31
2020	2.31	1.46	0.8	1.9
2021	1.9	2.31	4.5	1.78
2022	1.78	1.9	1.7	1.63
2023	1.63	1.78	0	1.52
2024	1.52	1.63	0	1.26
2025	1.26	1.52	0	1.29
2026	1.29	1.26	0	1.78
2027	1.78	1.29	0	1.41
2028	1.41	1.78	0.3	1.41
2029	1.41	1.41	0.8	1.38
2030	1.38	1.41	2.8	1.49
2031	1.49	1.38	0.8	1.24
2032	1.24	1.49	2.7	1.41
2033	1.41	1.24	4.3	1.66
2034	1.66	1.41	5.7	1.63
2035	1.63	1.66	4.9	1.46
2036	1.46	1.63	1.4	1.35
2037	1.35	1.46	2.2	1.53
2038	1.53	1.35	5.6	1.55
2039	1.55	1.53	12.5	1.86
2040	1.86	1.55	0	1.95
2041	1.95	1.86	0	2.03
2042	2.03	1.95	0.4	1.29
2043	1.29	2.03	0	1.29
2044	1.29	1.29	0.2	1.35
2045	1.35	1.29	0.3	1.15
2046	1.15	1.35	2.2	1.12
2047	1.12	1.15	6.7	1.49
2048	1.49	1.12	0	1.52
2049	1.52	1.49	0	1.49
2050	1.49	1.52	0	1.29
2051	1.29	1.49	0	1.29
2052	1.29	1.29	0	1.04
2053	1.04	1.29	0	1.04
2054	1.04	1.04	0	1.41
2055	1.41	1.04	0	1.35
2056	1.35	1.41	0	1.1
2057	1.1	1.35	0	1.18
2058	1.18	1.1	0	1.23
2059	1.23	1.18	0	0.99
2060	0.99	1.23	0	1.02
2061	1.02	0.99	0	1.41
2062	1.41	1.02	0.3	1.38
2063	1.38	1.41	0.1	1.18
2064	1.18	1.38	0	0.99
2065	0.99	1.18	1.3	1.85
2066	1.85	0.99	43.5	4.38
2067	4.38	1.85	11.2	6.45
2068	6.45	4.38	0	3.08
2069	3.08	6.45	0	2.35
2070	2.35	3.08	0	1.76
2071	1.76	2.35	0	1.55
2072	1.55	1.76	0.3	1.55
2073	1.55	1.55	8.1	1.24
2074	1.24	1.55	0	1.31
2075	1.31	1.24	0.1	1.63
2076	1.63	1.31	0	1.35
2077	1.35	1.63	0	1.24
2078	1.24	1.35	0	1.31
2079	1.31	1.24	0	1.31
2080	1.31	1.31	0	1.04
2081	1.04	1.31	0.8	1.38
2082	1.38	1.04	2.5	1.7
2083	1.7	1.38	0	1.34
2084	1.34	1.7	0	1.36
2085	1.36	1.34	0	1.24
2086	1.24	1.36	0	1.29
2087	1.29	1.24	0	1.17
2088	1.17	1.29	0	1.38
2089	1.38	1.17	0	1.63
2090	1.63	1.38	0	1.38
2091	1.38	1.63	0	1.29
2092	1.29	1.38	0	1.15
2093	1.15	1.29	0	1.38
2094	1.38	1.15	0	0.99
2095	0.99	1.38	0	1.15
2096	1.15	0.99	0.5	1.52
2097	1.52	1.15	0.6	1.31
2098	1.31	1.52	0	1.24
2099	1.24	1.31	0	1.12
2100	1.12	1.24	0	1.29
2101	1.29	1.12	0	1.24
2102	1.24	1.29	0	1.06
2103	1.06	1.24	0	1.46
2104	1.46	1.06	0	1.24
2105	1.24	1.46	0	1.35
2106	1.35	1.24	0	1.12
2107	1.12	1.35	0	1.2
2108	1.2	1.12	0	1.17
2109	1.17	1.2	0.2	1.15
2110	1.15	1.17	0	1.41
2111	1.41	1.15	0	1.04
2112	1.04	1.41	0	1.12
2113	1.12	1.04	0	1.24
2114	1.24	1.12	0	1.31
2115	1.31	1.24	0	1.24
2116	1.24	1.31	0	1.02
2117	1.02	1.24	0	1.31
2118	1.31	1.02	9	1.35
2119	1.35	1.31	13.4	1.63
2120	1.63	1.35	15.1	1.66
2121	1.66	1.63	0	1.63
2122	1.63	1.66	0	1.26
2123	1.26	1.63	0	1.15
2124	1.15	1.26	0	1.31
2125	1.31	1.15	0	1.29
2126	1.29	1.31	0	1.17
2127	1.17	1.29	0.2	1.02
2128	1.02	1.17	8.2	1.38
2129	1.38	1.02	0.7	1.06
2130	1.06	1.38	0	0.94
2131	0.94	1.06	0	1.31
2132	1.31	0.94	0	1.24
2133	1.24	1.31	0	1.06
2134	1.06	1.24	0	1.2
2135	1.2	1.06	0	1.17
2136	1.17	1.2	0	1.1
2137	1.1	1.17	0	1.12
2138	1.12	1.1	0	1.06
2139	1.06	1.12	0	1.15
2140	1.15	1.06	0	1.15
2141	1.15	1.15	0	1.15
2142	1.15	1.15	0	1.17
2143	1.17	1.15	1.6	1.2
2144	1.2	1.17	23.3	1.12
2145	1.12	1.2	3.1	1.55
2146	1.55	1.12	0	2.59
2147	2.59	1.55	1.1	1.78
2148	1.78	2.59	0.2	1.41
2149	1.41	1.78	1.3	1.26
2150	1.26	1.41	0.1	1.04
2151	1.04	1.26	0	1.02
2152	1.02	1.04	0.1	1.38
2153	1.38	1.02	0	1.12
2154	1.12	1.38	0	1.06
2155	1.06	1.12	0	1.2
2156	1.2	1.06	3.2	1.12
2157	1.12	1.2	0.1	1.02
2158	1.02	1.12	18.2	1.49
2159	1.49	1.02	0.4	1.49
2160	1.49	1.49	0	1.95
2161	1.95	1.49	3	1.78
2162	1.78	1.95	1.3	1.46
2163	1.46	1.78	0	1.49
2164	1.49	1.46	14.5	1.66
2165	1.66	1.49	6.1	2.91
2166	2.91	1.66	11.7	5.22
2167	5.22	2.91	0.3	5.22
2168	5.22	5.22	0.3	3.36
2169	3.36	5.22	0	3.31
2170	3.31	3.36	0	2.7
2171	2.7	3.31	0	2.26
2172	2.26	2.7	0	1.9
2173	1.9	2.26	0	1.86
2174	1.86	1.9	0.1	2.03
2175	2.03	1.86	0	1.66
2176	1.66	2.03	0	1.59
2177	1.59	1.66	0	2.16
2178	2.16	1.59	0	1.12
2179	1.12	2.16	0	1.2
2180	1.2	1.12	0.1	1.46
2181	1.46	1.2	0	1.7
2182	1.7	1.46	0	1.26
2183	1.26	1.7	0	1.49
2184	1.49	1.26	0	1.17
2185	1.17	1.49	0	1.1
2186	1.1	1.17	0.6	1.12
2187	1.12	1.1	0	1.38
2188	1.38	1.12	0.3	1.63
2189	1.63	1.38	0.2	1.15
2190	1.15	1.63	0.1	1.17
2191	1.17	1.15	0	1.24
2192	1.24	1.17	0.5	1.35
2193	1.35	1.24	18.3	1.35
2194	1.35	1.35	3.4	1.42
2195	1.42	1.35	0.2	1.53
2196	1.53	1.42	0	1.64
2197	1.64	1.53	1.1	1.95
2198	1.95	1.64	6.7	1.59
2199	1.59	1.95	1	1.55
2200	1.55	1.59	0.1	2.21
2201	2.21	1.55	0	2.76
2202	2.76	2.21	0	2.7
2203	2.7	2.76	0	2.7
2204	2.7	2.7	0.4	3.31
2205	3.31	2.7	14.5	4.32
2206	4.32	3.31	0	4.71
2207	4.71	4.32	0	3.48
2208	3.48	4.71	0	3.48
2209	3.48	3.48	0.1	3.95
2210	3.95	3.48	0.4	7.88
2211	7.88	3.95	0	6.25
2212	6.25	7.88	0	4.96
2213	4.96	6.25	0	4.26
2214	4.26	4.96	0	3.78
2215	3.78	4.26	0	3.25
2216	3.25	3.78	0	3.13
2217	3.13	3.25	1	2.87
2218	2.87	3.13	0.1	2.76
2219	2.76	2.87	0.1	2.59
2220	2.59	2.76	0.2	2.03
2221	2.03	2.59	0	2.26
2222	2.26	2.03	0.2	2.07
2223	2.07	2.26	0.1	2.4
2224	2.4	2.07	0	2.03
2225	2.03	2.4	0	1.99
2226	1.99	2.03	0	1.9
2227	1.9	1.99	0	1.66
2228	1.66	1.9	0	1.49
2229	1.49	1.66	0	1.66
2230	1.66	1.49	3.4	2.35
2231	2.35	1.66	4.1	1.7
2232	1.7	2.35	0	1.7
2233	1.7	1.7	0	1.66
2234	1.66	1.7	3.1	1.55
2235	1.55	1.66	18.3	10.62
2236	10.62	1.55	0	12.81
2237	12.81	10.62	0	8.15
2238	8.15	12.81	0.6	6.57
2239	6.57	8.15	0	5.54
2240	5.54	6.57	1.8	4.71
2241	4.71	5.54	0	4.14
2242	4.14	4.71	5.8	27.48
2243	27.48	4.14	54.2	89.34
2244	89.34	27.48	0	30.88
2245	30.88	89.34	3.3	19.27
2246	19.27	30.88	0	14.01
2247	14.01	19.27	0.1	10.89
2248	10.89	14.01	0	9.06
2249	9.06	10.89	0	7.95
2250	7.95	9.06	0	7.03
2251	7.03	7.95	0	6.25
2252	6.25	7.03	0	5.8
2253	5.8	6.25	4.2	5.47
2254	5.47	5.8	8.2	5.74
2255	5.74	5.47	5.8	7.69
2256	7.69	5.74	5.8	11.61
2257	11.61	7.69	0.2	12.04
2258	12.04	11.61	0	10.13
2259	10.13	12.04	0	8.34
2260	8.34	10.13	0	7.42
2261	7.42	8.34	12.9	8.69
2262	8.69	7.42	1.3	10.51
2263	10.51	8.69	0.1	13.58
2264	13.58	10.51	0	10.89
2265	10.89	13.58	0	9.21
2266	9.21	10.89	0	8.08
2267	8.08	9.21	6.5	7.42
2268	7.42	8.08	0	7.23
2269	7.23	7.42	0	6.32
2270	6.32	7.23	0	6.06
2271	6.06	6.32	0	5.67
2272	5.67	6.06	4.8	5.47
2273	5.47	5.67	5.2	5.61
2274	5.61	5.47	0.9	5.74
2275	5.74	5.61	0	5.47
2276	5.47	5.74	0.6	5.61
2277	5.61	5.47	1.7	5.67
2278	5.67	5.61	0.6	5.41
2279	5.41	5.67	3.3	5.34
2280	5.34	5.41	0.2	5.8
2281	5.8	5.34	0.2	5.93
2282	5.93	5.8	0	5.61
2283	5.61	5.93	0	5.34
2284	5.34	5.61	0.6	5.09
2285	5.09	5.34	0	4.71
2286	4.71	5.09	0	4.39
2287	4.39	4.71	0	4.2
2288	4.2	4.39	6.7	4.2
2289	4.2	4.2	18.2	4.96
2290	4.96	4.2	3.5	10.51
2291	10.51	4.96	0	11.61
2292	11.61	10.51	0	9.44
2293	9.44	11.61	0	7.82
2294	7.82	9.44	0	6.63
2295	6.63	7.82	0.2	6.06
2296	6.06	6.63	4.4	6.51
2297	6.51	6.06	1.1	7.69
2298	7.69	6.51	4.9	6.77
2299	6.77	7.69	0.5	6.38
2300	6.38	6.77	10.4	6.57
2301	6.57	6.38	0.2	5.93
2302	5.93	6.57	0	5.34
2303	5.34	5.93	0.1	4.77
2304	4.77	5.34	2.1	4.51
2305	4.51	4.77	1.7	4.46
2306	4.46	4.51	9.7	6.38
2307	6.38	4.46	0.1	8.63
2308	8.63	6.38	0	6.38
2309	6.38	8.63	0.7	5.47
2310	5.47	6.38	3.9	4.89
2311	4.89	5.47	0.6	4.77
2312	4.77	4.89	3.6	4.51
2313	4.51	4.77	1	4.14
2314	4.14	4.51	1.3	3.71
2315	3.71	4.14	0	3.54
2316	3.54	3.71	0.3	3.19
2317	3.19	3.54	5.4	3.19
2318	3.19	3.19	4	3.25
2319	3.25	3.19	0	3.54
2320	3.54	3.25	0.5	3.31
2321	3.31	3.54	1.4	3.02
2322	3.02	3.31	5.3	3.54
2323	3.54	3.02	21.5	8.43
2324	8.43	3.54	0	15.11
2325	15.11	8.43	0	10.89
2326	10.89	15.11	0	8.47
2327	8.47	10.89	0	6.77
2328	6.77	8.47	0.1	5.8
2329	5.8	6.77	5.7	4.96
2330	4.96	5.8	1.8	4.77
2331	4.77	4.96	0.2	4.89
2332	4.89	4.77	12.7	6.19
2333	6.19	4.89	0	6.06
2334	6.06	6.19	0.1	5.28
2335	5.28	6.06	3.2	4.39
2336	4.39	5.28	0	3.83
2337	3.83	4.39	0.3	3.31
2338	3.31	3.83	0.1	2.87
2339	2.87	3.31	0.3	2.7
2340	2.7	2.87	0	2.45
2341	2.45	2.7	1.5	2.35
2342	2.35	2.45	7.2	2.59
2343	2.59	2.35	0.4	2.63
2344	2.63	2.59	3.1	3.59
2345	3.59	2.63	23.2	5.99
2346	5.99	3.59	0	7.36
2347	7.36	5.99	10	7.66
2348	7.66	7.36	2.7	6.7
2349	6.7	7.66	3.9	9.74
2350	9.74	6.7	1.2	6.06
2351	6.06	9.74	11.4	6.06
2352	6.06	6.06	2.4	11.28
2353	11.28	6.06	0	11.61
2354	11.61	11.28	0	8.34
2355	8.34	11.61	0.2	5.87
2356	5.87	8.34	0.2	4.71
2357	4.71	5.87	4.4	3.78
2358	3.78	4.71	0	3.13
2359	3.13	3.78	0	2.65
2360	2.65	3.13	4.1	2.45
2361	2.45	2.65	0.1	2.16
2362	2.16	2.45	0	2.31
2363	2.31	2.16	0	1.86
2364	1.86	2.31	0	1.78
2365	1.78	1.86	1.9	1.7
2366	1.7	1.78	0.1	1.7
2367	1.7	1.7	9.7	1.31
2368	1.31	1.7	0.1	1.55
2369	1.55	1.31	1.9	1.86
2370	1.86	1.55	0	1.63
2371	1.63	1.86	12.5	1.78
2372	1.78	1.63	2.8	1.86
2373	1.86	1.78	0	1.38
2374	1.38	1.86	0	1.41
2375	1.41	1.38	0	1.46
2376	1.46	1.41	0	1.35
2377	1.35	1.46	0	1.31
2378	1.31	1.35	3.7	1.49
2379	1.49	1.31	22.5	1.46
2380	1.46	1.49	0	1.46
2381	1.46	1.46	0	1.86
2382	1.86	1.46	0.6	1.52
2383	1.52	1.86	0.4	1.38
2384	1.38	1.52	1.1	1.38
2385	1.38	1.38	4.4	1.35
2386	1.35	1.38	0	1.29
2387	1.29	1.35	0	1.29
2388	1.29	1.29	0	1.29
2389	1.29	1.29	0	1.2
2390	1.2	1.29	0	1.17
2391	1.17	1.2	0	1.12
2392	1.12	1.17	0	1.06
2393	1.06	1.12	1.5	1.06
2394	1.06	1.06	0	1.06
2395	1.06	1.06	0.2	1.06
2396	1.06	1.06	2.2	1.04
2397	1.04	1.06	6.7	1.04
2398	1.04	1.04	0.8	1.04
2399	1.04	1.04	1	1.15
2400	1.15	1.04	23.8	1.17
2401	1.17	1.15	0	1.17
2402	1.17	1.17	0	1.15
2403	1.15	1.17	1.5	1.24
2404	1.24	1.15	4	1.1
2405	1.1	1.24	0.2	1.04
2406	1.04	1.1	0	0.96
2407	0.96	1.04	0	0.96
2408	0.96	0.96	0	0.99
2409	0.99	0.96	0.4	1.06
2410	1.06	0.99	8	1.02
2411	1.02	1.06	7.2	0.99
2412	0.99	1.02	0	0.92
2413	0.92	0.99	0.6	0.92
2414	0.92	0.92	3.6	1.15
2415	1.15	0.92	10	1.15
2416	1.15	1.15	15.9	1.17
2417	1.17	1.15	0	1.12
2418	1.12	1.17	0	1.02
2419	1.02	1.12	2.3	1.02
2420	1.02	1.02	9.1	0.96
2421	0.96	1.02	2.3	1.02
2422	1.02	0.96	1.9	1.04
2423	1.04	1.02	0.2	0.94
2424	0.94	1.04	0.2	0.78
2425	0.78	0.94	6.8	0.82
2426	0.82	0.78	0.6	0.92
2427	0.92	0.82	0	0.92
2428	0.92	0.92	0	0.92
2429	0.92	0.92	0	0.92
2430	0.92	0.92	0	0.86
2431	0.86	0.92	0	0.77
2432	0.77	0.86	0	0.68
2433	0.68	0.77	2.8	0.77
2434	0.77	0.68	1.2	0.8
2435	0.8	0.77	1.1	0.8
2436	0.8	0.8	1.6	0.8
2437	0.8	0.8	0	0.82
2438	0.82	0.8	0	0.8
2439	0.8	0.82	0	0.8
2440	0.8	0.8	0	0.8
2441	0.8	0.8	4.8	0.86
2442	0.86	0.8	0.1	0.82
2443	0.82	0.86	0.1	1.12
2444	1.12	0.82	1.3	1.02
2445	1.02	1.12	8.7	0.96
2446	0.96	1.02	5.3	0.92
2447	0.92	0.96	5.8	0.9
2448	0.9	0.92	0	0.92
2449	0.92	0.9	0	0.92
2450	0.92	0.92	0	0.9
2451	0.9	0.92	0	0.84
2452	0.84	0.9	0	0.82
2453	0.82	0.84	0	0.82
2454	0.82	0.82	0	0.8
2455	0.8	0.82	0	0.82
2456	0.82	0.8	2.2	0.84
2457	0.84	0.82	1.6	0.84
2458	0.84	0.84	6.2	0.84
2459	0.84	0.84	1.1	0.92
2460	0.92	0.84	0.3	0.92
2461	0.92	0.92	1.4	0.9
2462	0.9	0.92	5.6	0.92
2463	0.92	0.9	0	0.9
2464	0.9	0.92	0	0.86
2465	0.86	0.9	0	0.86
2466	0.86	0.86	0	0.86
2467	0.86	0.86	0	0.86
2468	0.86	0.86	0	0.9
2469	0.9	0.86	0	0.86
2470	0.86	0.9	0	7.07
2471	7.07	0.86	142	139.05
2472	139.05	7.07	0	36.57
2473	36.57	139.05	0	13.58
2474	13.58	36.57	0.4	8.63
2475	8.63	13.58	0.1	6.45
2476	6.45	8.63	0	5.16
2477	5.16	6.45	0	4.32
2478	4.32	5.16	0	3.78
2479	3.78	4.32	0	3.31
2480	3.31	3.78	0	2.97
2481	2.97	3.31	0	2.7
2482	2.7	2.97	0.9	2.55
2483	2.55	2.7	9	2.4
2484	2.4	2.55	0	2.5
2485	2.5	2.4	14.7	2.55
2486	2.55	2.5	4.7	2.7
2487	2.7	2.55	0	2.7
2488	2.7	2.7	0	2.7
2489	2.7	2.7	7.6	2.59
2490	2.59	2.7	0.2	2.5
2491	2.5	2.59	1.4	2.59
2492	2.59	2.5	1.1	2.5
2493	2.5	2.59	0	2.45
2494	2.45	2.5	0	2.4
2495	2.4	2.45	0	2.31
2496	2.31	2.4	0	2.26
2497	2.26	2.31	0	2.16
2498	2.16	2.26	0	2.11
2499	2.11	2.16	0	2.03
2500	2.03	2.11	0	1.99
2501	1.99	2.03	0	1.95
2502	1.95	1.99	0	1.86
2503	1.86	1.95	0.5	1.86
2504	1.86	1.86	0.7	1.9
2505	1.9	1.86	10.7	1.95
2506	1.95	1.9	21.6	24.31
2507	24.31	1.95	11.3	38.76
2508	38.76	24.31	1.9	41.82
2509	41.82	38.76	0	19.71
2510	19.71	41.82	0	12.81
2511	12.81	19.71	0.2	9.36
2512	9.36	12.81	0.2	7.49
2513	7.49	9.36	0	6.19
2514	6.19	7.49	1.2	5.41
2515	5.41	6.19	6.9	5.03
2516	5.03	5.41	0.9	4.77
2517	4.77	5.03	0	4.51
2518	4.51	4.77	0	4.14
2519	4.14	4.51	0	3.9
2520	3.9	4.14	0.4	3.71
2521	3.71	3.9	0	3.54
2522	3.54	3.71	1.8	3.36
2523	3.36	3.54	0	3.19
2524	3.19	3.36	0	3.08
2525	3.08	3.19	0	2.87
2526	2.87	3.08	6.9	2.91
2527	2.91	2.87	0.3	2.87
2528	2.87	2.91	0	2.81
2529	2.81	2.87	2.3	2.7
2530	2.7	2.81	10	3.48
2531	3.48	2.7	13.4	6.51
2532	6.51	3.48	0.1	12.04
2533	12.04	6.51	0	9.36
2534	9.36	12.04	1.1	8.41
2535	8.41	9.36	8.9	12.81
2536	12.81	8.41	0.1	15.11
2537	15.11	12.81	0	11.61
2538	11.61	15.11	0	8.98
2539	8.98	11.61	0	7.55
2540	7.55	8.98	0	6.77
2541	6.77	7.55	0.1	6.19
2542	6.19	6.77	0	5.54
2543	5.54	6.19	0	4.96
2544	4.96	5.54	0	4.58
2545	4.58	4.96	3.9	5.03
2546	5.03	4.58	21	16.86
2547	16.86	5.03	7.4	41.82
2548	41.82	16.86	0	23.65
2549	23.65	41.82	0	15.88
2550	15.88	23.65	0.1	12.81
2551	12.81	15.88	0	10.13
2552	10.13	12.81	0	8.91
2553	8.91	10.13	0.4	7.95
2554	7.95	8.91	0.4	7.23
2555	7.23	7.95	0	6.51
2556	6.51	7.23	0	5.99
2557	5.99	6.51	0.2	5.61
2558	5.61	5.99	0.2	5.41
2559	5.41	5.61	6.2	5.16
2560	5.16	5.41	0	4.77
2561	4.77	5.16	2.1	4.58
2562	4.58	4.77	0.1	4.26
2563	4.26	4.58	0.1	4.14
2564	4.14	4.26	0	4.02
2565	4.02	4.14	0	3.9
2566	3.9	4.02	0	3.59
2567	3.59	3.9	0	3.54
2568	3.54	3.59	0	3.42
2569	3.42	3.54	0.1	3.19
2570	3.19	3.42	0.2	3.13
2571	3.13	3.19	0	3.13
2572	3.13	3.13	0	3.02
2573	3.02	3.13	0.1	2.87
2574	2.87	3.02	0.1	2.76
2575	2.76	2.87	0.2	2.76
2576	2.76	2.76	0	2.41
2577	2.41	2.76	0.1	2.3
2578	2.3	2.41	0	2.3
2579	2.3	2.3	0.2	2.74
2580	2.74	2.3	1.1	2.74
2581	2.74	2.74	8.2	2.74
2582	2.74	2.74	0	2.19
2583	2.19	2.74	0	2.74
2584	2.74	2.19	0.1	5.22
2585	5.22	2.74	22.2	16.2
2586	16.2	5.22	0.4	20.15
2587	20.15	16.2	0	13.58
2588	13.58	20.15	0	10.51
2589	10.51	13.58	0	9.06
2590	9.06	10.51	7.7	9.21
2591	9.21	9.06	0	8.05
2592	8.05	9.21	0	6.77
2593	6.77	8.05	0.2	6.45
2594	6.45	6.77	0	6.38
2595	6.38	6.45	1.7	6.06
2596	6.06	6.38	0	5.8
2597	5.8	6.06	0	5.54
2598	5.54	5.8	0	5.28
2599	5.28	5.54	0	5.03
2600	5.03	5.28	0.1	4.89
2601	4.89	5.03	2.4	5.03
2602	5.03	4.89	5.6	5.41
2603	5.41	5.03	0.5	5.67
2604	5.67	5.41	0	5.54
2605	5.54	5.67	0	5.41
2606	5.41	5.54	6	5.54
2607	5.54	5.41	1.4	5.93
2608	5.93	5.54	1.8	5.87
2609	5.87	5.93	0	5.74
2610	5.74	5.87	5.5	5.67
2611	5.67	5.74	12.5	9.13
2612	9.13	5.67	12.9	35.8
2613	35.8	9.13	16.8	62.63
2614	62.63	35.8	0.1	35.8
2615	35.8	62.63	0	21.9
2616	21.9	35.8	0	16.64
2617	16.64	21.9	0.1	13.58
2618	13.58	16.64	8.8	14.01
2619	14.01	13.58	1.1	14.34
2620	14.34	14.01	0	12.81
2621	12.81	14.34	0.1	10.89
2622	10.89	12.81	4.6	10.51
2623	10.51	10.89	2	10.13
2624	10.13	10.51	0	9.21
2625	9.21	10.13	4.4	8.69
2626	8.69	9.21	0.1	8.27
2627	8.27	8.69	0.2	8.34
2628	8.34	8.27	17.4	15.55
2629	15.55	8.34	15.3	49.49
2630	49.49	15.55	0	28.9
2631	28.9	49.49	0	19.27
2632	19.27	28.9	1.7	15.11
2633	15.11	19.27	0.6	13.14
2634	13.14	15.11	0.1	10.89
2635	10.89	13.14	0	9.59
2636	9.59	10.89	0	8.76
2637	8.76	9.59	0	7.88
2638	7.88	8.76	0	7.29
2639	7.29	7.88	0	6.77
2640	6.77	7.29	0	6.45
2641	6.45	6.77	0	6.12
2642	6.12	6.45	0	5.74
2643	5.74	6.12	0	5.47
2644	5.47	5.74	3.7	5.34
2645	5.34	5.47	0	5.16
2646	5.16	5.34	0	4.83
2647	4.83	5.16	0	4.58
2648	4.58	4.83	0	4.46
2649	4.46	4.58	9.5	4.46
2650	4.46	4.46	1.5	4.83
2651	4.83	4.46	1	4.96
2652	4.96	4.83	13.8	5.22
2653	5.22	4.96	0.1	8.55
2654	8.55	5.22	0.1	9.28
2655	9.28	8.55	0.4	8.41
2656	8.41	9.28	0	7.82
2657	7.82	8.41	1.2	7.36
2658	7.36	7.82	0	6.83
2659	6.83	7.36	12.9	10.89
2660	10.89	6.83	0	10.13
2661	10.13	10.89	1.1	7.82
2662	7.82	10.13	5.3	7.75
2663	7.75	7.82	12.1	10.89
2664	10.89	7.75	1	11.28
2665	11.28	10.89	0	9.67
2666	9.67	11.28	0	8.55
2667	8.55	9.67	0	7.55
2668	7.55	8.55	0	6.77
2669	6.77	7.55	0	6.19
2670	6.19	6.77	0	5.67
2671	5.67	6.19	0.1	5.28
2672	5.28	5.67	0	4.96
2673	4.96	5.28	0	4.58
2674	4.58	4.96	0	4.26
2675	4.26	4.58	0	4.02
2676	4.02	4.26	0.2	3.78
2677	3.78	4.02	0	3.59
2678	3.59	3.78	0.5	3.42
2679	3.42	3.59	2.2	3.31
2680	3.31	3.42	0	3.42
2681	3.42	3.31	27.8	4.2
2682	4.2	3.42	5.8	6.9
2683	6.9	4.2	0	8.08
2684	8.08	6.9	0	7.29
2685	7.29	8.08	0	6.25
2686	6.25	7.29	0	5.54
2687	5.54	6.25	0.3	4.83
2688	4.83	5.54	2.4	4.58
2689	4.58	4.83	0	4.02
2690	4.02	4.58	5.3	3.83
2691	3.83	4.02	2.6	4.51
2692	4.51	3.83	3.5	4.2
2693	4.2	4.51	0.1	3.66
2694	3.66	4.2	0.1	3.31
2695	3.31	3.66	1	2.87
2696	2.87	3.31	0.2	2.7
2697	2.7	2.87	3.7	2.62
2698	2.62	2.7	0.1	2.45
2699	2.45	2.62	0	2.35
2700	2.35	2.45	0	2.21
2701	2.21	2.35	0	2.11
2702	2.11	2.21	0	2.03
2703	2.03	2.11	0	1.95
2704	1.95	2.03	0	1.86
2705	1.86	1.95	0.1	1.86
2706	1.86	1.86	20.8	20.8
2707	20.8	1.86	46.8	32.85
2708	32.85	20.8	3.4	12.48
2709	12.48	32.85	0.2	8.84
2710	8.84	12.48	27.8	16.64
2711	16.64	8.84	2.9	20.58
2712	20.58	16.64	0.2	14.01
2713	14.01	20.58	0	10.13
2714	10.13	14.01	0	7.82
2715	7.82	10.13	0	6.38
2716	6.38	7.82	0	5.41
2717	5.41	6.38	0	4.64
2718	4.64	5.41	2.2	4.2
2719	4.2	4.64	0.8	3.95
2720	3.95	4.2	0.1	3.59
2721	3.59	3.95	0.5	3.19
2722	3.19	3.59	4.9	2.97
2723	2.97	3.19	0.1	2.87
2724	2.87	2.97	9.4	2.87
2725	2.87	2.87	0	2.65
2726	2.65	2.87	1	2.59
2727	2.59	2.65	0	2.35
2728	2.35	2.59	0	2.26
2729	2.26	2.35	0	2.16
2730	2.16	2.26	0	2.07
2731	2.07	2.16	0.1	1.99
2732	1.99	2.07	0.4	1.9
2733	1.9	1.99	0.7	1.86
2734	1.86	1.9	6.5	1.99
2735	1.99	1.86	7.2	1.86
2736	1.86	1.99	2.7	2.03
2737	2.03	1.86	3.8	2.81
2738	2.81	2.03	6.1	2.45
2739	2.45	2.81	15.9	3.71
2740	3.71	2.45	0.5	9.59
2741	9.59	3.71	0	5.16
2742	5.16	9.59	0	3.66
2743	3.66	5.16	0	2.91
2744	2.91	3.66	0.3	2.62
2745	2.62	2.91	0.4	2.31
2746	2.31	2.62	2.8	2.16
2747	2.16	2.31	15.4	1.99
2748	1.99	2.16	0	5.93
2749	5.93	1.99	0	3.19
2750	3.19	5.93	0	2.31
2751	2.31	3.19	0.1	2.03
2752	2.03	2.31	1.3	1.9
2753	1.9	2.03	4.4	1.82
2754	1.82	1.9	0.1	1.86
2755	1.86	1.82	0	1.74
2756	1.74	1.86	0.1	1.63
2757	1.63	1.74	2	1.55
2758	1.55	1.63	0.1	1.52
2759	1.52	1.55	0.6	1.46
2760	1.46	1.52	1.9	1.41
2761	1.41	1.46	0.5	1.38
2762	1.38	1.41	0.9	1.38
2763	1.38	1.38	1.7	1.35
2764	1.35	1.38	3.5	1.41
2765	1.41	1.35	11.6	1.74
2766	1.74	1.41	2.9	1.95
2767	1.95	1.74	5.3	2.35
2768	2.35	1.95	3.7	2.87
2769	2.87	2.35	0.7	2.31
2770	2.31	2.87	0.5	2.31
2771	2.31	2.31	29.2	11.82
2772	11.82	2.31	46.2	60.44
2773	60.44	11.82	27	44.56
2774	44.56	60.44	2	15.77
2775	15.77	44.56	2.9	10.95
2776	10.95	15.77	4.5	19.16
2777	19.16	10.95	68	232.12
2778	232.12	19.16	34.9	225.55
2779	225.55	232.12	0.1	51.68
2780	51.68	225.55	0	27.37
2781	27.37	51.68	1.2	19.16
2782	19.16	27.37	13.1	20.26
2783	20.26	19.16	0	22.34
2784	22.34	20.26	0	14.56
2785	14.56	22.34	0	11.72
2786	11.72	14.56	0	10.13
2787	10.13	11.72	0	8.76
2788	8.76	10.13	0.1	7.75
2789	7.75	8.76	0	7.62
2790	7.62	7.75	8.1	9.74
2791	9.74	7.62	3	7.49
2792	7.49	9.74	0	6.45
2793	6.45	7.49	0.4	6.32
2794	6.32	6.45	18.1	8.91
2795	8.91	6.32	1.3	7.88
2796	7.88	8.91	0	6.83
2797	6.83	7.88	0	6.12
2798	6.12	6.83	0	5.61
2799	5.61	6.12	0	5.16
2800	5.16	5.61	0	4.83
2801	4.83	5.16	0.1	4.58
2802	4.58	4.83	2.2	4.32
2803	4.32	4.58	0	4.14
2804	4.14	4.32	0	3.95
2805	3.95	4.14	0	3.78
2806	3.78	3.95	0	3.71
2807	3.71	3.78	0	3.59
2808	3.59	3.71	0	3.48
2809	3.48	3.59	0	3.42
2810	3.42	3.48	1	3.48
2811	3.48	3.42	0	3.19
2812	3.19	3.48	0	3.02
2813	3.02	3.19	0.6	2.97
2814	2.97	3.02	3.7	2.97
2815	2.97	2.97	7.2	3.02
2816	3.02	2.97	0	2.97
2817	2.97	3.02	0.1	2.81
2818	2.81	2.97	0	2.7
2819	2.7	2.81	0.2	2.59
2820	2.59	2.7	0	2.5
2821	2.5	2.59	0.1	2.45
2822	2.45	2.5	0	2.45
2823	2.45	2.45	0	2.4
2824	2.4	2.45	0	2.35
2825	2.35	2.4	0	2.31
2826	2.31	2.35	1.8	2.26
2827	2.26	2.31	6.3	2.31
2828	2.31	2.26	2.9	2.5
2829	2.5	2.31	11.8	2.45
2830	2.45	2.5	0	2.5
2831	2.5	2.45	0	2.35
2832	2.35	2.5	0	2.21
2833	2.21	2.35	0	2.16
2834	2.16	2.21	3.2	2.35
2835	2.35	2.16	8.5	2.26
2836	2.26	2.35	0	2.11
2837	2.11	2.26	0.1	2.11
2838	2.11	2.11	0.1	2.03
2839	2.03	2.11	0.5	2.03
2840	2.03	2.03	0.4	1.99
2841	1.99	2.03	0	1.95
2842	1.95	1.99	0	1.9
2843	1.9	1.95	0	1.9
2844	1.9	1.9	0	1.86
2845	1.86	1.9	0.8	1.78
2846	1.78	1.86	0	1.82
2847	1.82	1.78	0	1.82
2848	1.82	1.82	0	1.78
2849	1.78	1.82	0	1.86
2850	1.86	1.78	1.4	1.9
2851	1.9	1.86	2.6	1.9
2852	1.9	1.9	0	1.9
2853	1.9	1.9	0	1.86
2854	1.86	1.9	0.1	1.86
2855	1.86	1.86	1.4	1.82
2856	1.82	1.86	0	1.82
2857	1.82	1.82	0	1.78
2858	1.78	1.82	0	1.86
2859	1.86	1.78	7	1.9
2860	1.9	1.86	0	1.86
2861	1.86	1.9	0.1	1.99
2862	1.99	1.86	18.5	2.21
2863	2.21	1.99	0	2.21
2864	2.21	2.21	0	2.35
2865	2.35	2.21	0	2.26
2866	2.26	2.35	1.8	2.11
2867	2.11	2.26	3.4	2.11
2868	2.11	2.11	1	1.99
2869	1.99	2.11	0	1.9
2870	1.9	1.99	0	1.99
2871	1.99	1.9	12.4	2.21
2872	2.21	1.99	0.1	1.95
2873	1.95	2.21	0	1.82
2874	1.82	1.95	0	1.9
2875	1.9	1.82	0.1	1.9
2876	1.9	1.9	0	2.07
2877	2.07	1.9	0.1	1.86
2878	1.86	2.07	0	1.82
2879	1.82	1.86	0	1.74
2880	1.74	1.82	0.1	1.59
2881	1.59	1.74	0.1	1.7
2882	1.7	1.59	0	1.78
2883	1.78	1.7	0	1.52
2884	1.52	1.78	2	1.59
2885	1.59	1.52	0.4	1.66
2886	1.66	1.59	1.6	1.66
2887	1.66	1.66	0	1.66
2888	1.66	1.66	0	1.66
2889	1.66	1.66	0	1.74
2890	1.74	1.66	0	1.63
2891	1.63	1.74	2.9	1.7
2892	1.7	1.63	0	1.59
2893	1.59	1.7	0	1.63
2894	1.63	1.59	0	1.82
2895	1.82	1.63	0	1.49
2896	1.49	1.82	0	1.49
2897	1.49	1.49	0.1	1.66
2898	1.66	1.49	0	1.59
2899	1.59	1.66	0	1.78
2900	1.78	1.59	0.5	1.63
2901	1.63	1.78	0	1.82
2902	1.82	1.63	0	1.38
2903	1.38	1.82	0	1.46
2904	1.46	1.38	0	1.7
2905	1.7	1.46	0	1.63
2906	1.63	1.7	0	1.52
2907	1.52	1.63	0	1.55
2908	1.55	1.52	0	1.66
2909	1.66	1.55	0	1.66
2910	1.66	1.66	0	1.24
2911	1.24	1.66	0.1	1.55
2912	1.55	1.24	0.1	1.41
2913	1.41	1.55	0	1.54
2914	1.54	1.41	0	1.53
2915	1.53	1.54	0	1.59
2916	1.59	1.53	0	1.49
2917	1.49	1.59	0	1.63
2918	1.63	1.49	0	1.63
2919	1.63	1.63	0	1.63
2920	1.63	1.63	0	1.63
2921	1.63	1.63	0	1.63
2922	1.63	1.63	2.2	1.59
2923	1.59	1.63	10.1	1.66
2924	1.66	1.59	3.5	1.52
2925	1.52	1.66	0.8	1.63
2926	1.63	1.52	0.1	1.66
2927	1.66	1.63	0	1.52
2928	1.52	1.66	0	1.49
2929	1.49	1.52	7.7	1.49
2930	1.49	1.49	1.1	1.66
2931	1.66	1.49	0	1.59
2932	1.59	1.66	6.1	1.49
2933	1.49	1.59	0.1	1.41
2934	1.41	1.49	0	1.41
2935	1.41	1.41	0	1.38
2936	1.38	1.41	0	1.35
2937	1.35	1.38	0	1.31
2938	1.31	1.35	1.2	1.38
2939	1.38	1.31	0	1.46
2940	1.46	1.38	0	1.55
2941	1.55	1.46	4.4	1.7
2942	1.7	1.55	4.8	1.59
2943	1.59	1.7	2.1	2.22
2944	2.22	1.59	0	3.36
2945	3.36	2.22	2.1	3.54
2946	3.54	3.36	14.6	4.2
2947	4.2	3.54	3.4	5.16
2948	5.16	4.2	6.2	6.51
2949	6.51	5.16	0.1	7.42
2950	7.42	6.51	19.3	12.48
2951	12.48	7.42	0.7	16.64
2952	16.64	12.48	0	12.48
2953	12.48	16.64	0	9.59
2954	9.59	12.48	0	8.06
2955	8.06	9.59	7.2	7.49
2956	7.49	8.06	0.1	7.62
2957	7.62	7.49	0.1	6.96
2958	6.96	7.62	2.5	6.51
2959	6.51	6.96	2.3	6.12
2960	6.12	6.51	1.6	5.87
2961	5.87	6.12	4.1	5.74
2962	5.74	5.87	3.8	5.99
2963	5.99	5.74	0.1	6.12
2964	6.12	5.99	0	5.99
2965	5.99	6.12	0.1	5.67
2966	5.67	5.99	0	5.22
2967	5.22	5.67	0	4.83
2968	4.83	5.22	3.5	4.77
2969	4.77	4.83	4.4	4.64
2970	4.64	4.77	0	4.71
2971	4.71	4.64	0.4	4.51
2972	4.51	4.71	0.4	4.2
2973	4.2	4.51	0	3.95
2974	3.95	4.2	0	3.71
2975	3.71	3.95	0.8	3.59
2976	3.59	3.71	0.2	3.48
2977	3.48	3.59	0	3.36
2978	3.36	3.48	0	3.25
2979	3.25	3.36	1.8	3.13
2980	3.13	3.25	4.5	3.31
2981	3.31	3.13	7.2	3.36
2982	3.36	3.31	0	3.83
2983	3.83	3.36	0	4.02
2984	4.02	3.83	0.7	4.02
2985	4.02	4.02	6.8	4.14
2986	4.14	4.02	4	9.6
2987	9.6	4.14	23.4	32.85
2988	32.85	9.6	0	26.28
2989	26.28	32.85	9.9	20.15
2990	20.15	26.28	0.1	16.64
2991	16.64	20.15	5.6	14.34
2992	14.34	16.64	0.1	12.48
2993	12.48	14.34	0	11.28
2994	11.28	12.48	0	10.13
2995	10.13	11.28	0	9.28
2996	9.28	10.13	0	8.63
2997	8.63	9.28	0.8	7.9
2998	7.9	8.63	0.1	7.36
2999	7.36	7.9	0.3	6.9
3000	6.9	7.36	1.6	6.45
3001	6.45	6.9	4.7	6.51
3002	6.51	6.45	5.8	6.9
3003	6.9	6.51	0	7.1
3004	7.1	6.9	0	6.63
3005	6.63	7.1	0	6.32
3006	6.32	6.63	3.1	6.12
3007	6.12	6.32	2.9	6.12
3008	6.12	6.12	0	5.8
3009	5.8	6.12	0.2	5.8
3010	5.8	5.8	22.6	12.81
3011	12.81	5.8	9.8	36.79
3012	36.79	12.81	0.3	27.15
3013	27.15	36.79	0	17.96
3014	17.96	27.15	0	13.58
3015	13.58	17.96	0.1	11.28
3016	11.28	13.58	0	9.67
3017	9.67	11.28	0	8.27
3018	8.27	9.67	1.6	7.49
3019	7.49	8.27	2.8	7.23
3020	7.23	7.49	1.8	6.77
3021	6.77	7.23	0.1	6.12
3022	6.12	6.77	0.7	5.74
3023	5.74	6.12	0	5.22
3024	5.22	5.74	0.2	4.83
3025	4.83	5.22	0	4.64
3026	4.64	4.83	0.2	4.51
3027	4.51	4.64	1.9	4.39
3028	4.39	4.51	4.6	4.32
3029	4.32	4.39	0	4.2
3030	4.2	4.32	0.2	4.02
3031	4.02	4.2	0	3.9
3032	3.9	4.02	0	3.78
3033	3.78	3.9	0.1	3.59
3034	3.59	3.78	0.2	3.54
3035	3.54	3.59	0.2	3.36
3036	3.36	3.54	4.5	3.36
3037	3.36	3.36	0.6	3.42
3038	3.42	3.36	0	3.36
3039	3.36	3.42	0	3.31
3040	3.31	3.36	0.3	3.19
3041	3.19	3.31	4.2	3.13
3042	3.13	3.19	0	3.08
3043	3.08	3.13	0	2.91
3044	2.91	3.08	0.5	2.87
3045	2.87	2.91	0	2.87
3046	2.87	2.87	3.4	2.81
3047	2.81	2.87	0	2.81
3048	2.81	2.81	0.5	2.7
3049	2.7	2.81	1.6	2.65
3050	2.65	2.7	0.1	2.55
3051	2.55	2.65	6.8	2.55
3052	2.55	2.55	0.1	2.55
3053	2.55	2.55	1.3	2.55
3054	2.55	2.55	0	2.45
3055	2.45	2.55	0	2.35
3056	2.35	2.45	2.1	2.31
3057	2.31	2.35	0.8	2.21
3058	2.21	2.31	0	2.16
3059	2.16	2.21	0.9	2.03
3060	2.03	2.16	0	2.07
3061	2.07	2.03	17.3	2.16
3062	2.16	2.07	1.6	2.07
3063	2.07	2.16	0.1	2.16
3064	2.16	2.07	1.5	2.16
3065	2.16	2.16	1.7	2.11
3066	2.11	2.16	3.3	2.21
3067	2.21	2.11	17.4	2.26
3068	2.26	2.21	0.1	2.21
3069	2.21	2.26	0	2.31
3070	2.31	2.21	0	2.21
3071	2.21	2.31	0	2.07
3072	2.07	2.21	0	1.95
3073	1.95	2.07	0	1.95
3074	1.95	1.95	0.6	1.95
3075	1.95	1.95	0.3	1.86
3076	1.86	1.95	0	1.78
3077	1.78	1.86	0	1.74
3078	1.74	1.78	1.4	1.7
3079	1.7	1.74	0.4	1.59
3080	1.59	1.7	6.1	1.55
3081	1.55	1.59	2	1.29
3082	1.29	1.55	4.2	1.49
3083	1.49	1.29	11.4	2.81
3084	2.81	1.49	0.5	2.31
3085	2.31	2.81	0.1	2.11
3086	2.11	2.31	4.7	1.86
3087	1.86	2.11	3.8	1.82
3088	1.82	1.86	1.5	3.19
3089	3.19	1.82	0.7	2.26
3090	2.26	3.19	1.1	2.16
3091	2.16	2.26	1.3	1.86
3092	1.86	2.16	1.4	1.66
3093	1.66	1.86	0	1.49
3094	1.49	1.66	0	1.26
3095	1.26	1.49	0.3	1.2
3096	1.2	1.26	0	1.29
3097	1.29	1.2	5.1	1.31
3098	1.31	1.29	5.5	1.35
3099	1.35	1.31	8.8	1.59
3100	1.59	1.35	11.3	2.87
3101	2.87	1.59	2.3	2.7
3102	2.7	2.87	0.2	2.65
3103	2.65	2.7	7.8	2.5
3104	2.5	2.65	1	2.07
3105	2.07	2.5	0.4	1.86
3106	1.86	2.07	0	1.78
3107	1.78	1.86	0	1.7
3108	1.7	1.78	3	1.63
3109	1.63	1.7	0.2	1.52
3110	1.52	1.63	0.1	1.46
3111	1.46	1.52	0.5	1.49
3112	1.49	1.46	8.5	1.7
3113	1.7	1.49	0	1.38
3114	1.38	1.7	0.7	1.41
3115	1.41	1.38	25.5	1.55
3116	1.55	1.41	9.1	1.63
3117	1.63	1.55	13.7	2.07
3118	2.07	1.63	5.1	3.71
3119	3.71	2.07	18.5	3.59
3120	3.59	3.71	0.2	4.02
3121	4.02	3.59	0.4	3.36
3122	3.36	4.02	5.4	2.7
3123	2.7	3.36	0.8	2.35
3124	2.35	2.7	2.7	2.11
3125	2.11	2.35	0	1.95
3126	1.95	2.11	0	1.9
3127	1.9	1.95	8.6	1.86
3128	1.86	1.9	4.3	1.82
3129	1.82	1.86	0	1.9
3130	1.9	1.82	0	1.95
3131	1.95	1.9	37.2	2.35
3132	2.35	1.95	16.9	25.4
3133	25.4	2.35	1.8	17.96
3134	17.96	25.4	0.1	10.13
3135	10.13	17.96	0.2	6.51
3136	6.51	10.13	0.1	4.77
3137	4.77	6.51	0.1	3.71
3138	3.71	4.77	0.4	3.19
3139	3.19	3.71	0.4	2.81
3140	2.81	3.19	9	2.76
3141	2.76	2.81	0	3.08
3142	3.08	2.76	0	2.5
3143	2.5	3.08	0	2.21
3144	2.21	2.5	0	2.03
3145	2.03	2.21	1	1.86
3146	1.86	2.03	13.4	1.9
3147	1.9	1.86	7.3	1.82
3148	1.82	1.9	0	1.74
3149	1.74	1.82	0	1.7
3150	1.7	1.74	0	1.59
3151	1.59	1.7	0	1.52
3152	1.52	1.59	0	1.46
3153	1.46	1.52	1.9	1.46
3154	1.46	1.46	1.7	1.38
3155	1.38	1.46	0.1	1.41
3156	1.41	1.38	7.4	1.46
3157	1.46	1.41	3.6	1.41
3158	1.41	1.46	1.5	1.31
3159	1.31	1.41	0.6	1.29
3160	1.29	1.31	0	1.35
3161	1.35	1.29	1.5	1.38
3162	1.38	1.35	0.9	1.29
3163	1.29	1.38	4.2	1.17
3164	1.17	1.29	0.5	1.15
3165	1.15	1.17	0	1.17
3166	1.17	1.15	0	1.15
3167	1.15	1.17	0	1.2
3168	1.2	1.15	10.3	1.26
3169	1.26	1.2	0.4	1.2
3170	1.2	1.26	0	1.17
3171	1.17	1.2	0.2	1.29
3172	1.29	1.17	9.7	1.29
3173	1.29	1.29	2.1	1.2
3174	1.2	1.29	3.7	1.17
3175	1.17	1.2	0	1.2
3176	1.2	1.17	3.2	1.24
3177	1.24	1.2	0.2	1.17
3178	1.17	1.24	0	1.15
3179	1.15	1.17	0.2	1.17
3180	1.17	1.15	5.6	1.24
3181	1.24	1.17	0.8	1.15
3182	1.15	1.24	0	1.15
3183	1.15	1.15	1.6	1.26
3184	1.26	1.15	36.5	1.49
3185	1.49	1.26	1.8	1.52
3186	1.52	1.49	0	2.81
3187	2.81	1.52	0	2.11
3188	2.11	2.81	0	1.74
3189	1.74	2.11	0	1.59
3190	1.59	1.74	0.1	1.55
3191	1.55	1.59	11.9	1.49
3192	1.49	1.55	0.1	1.46
3193	1.46	1.49	1	1.41
3194	1.41	1.46	0.5	1.38
3195	1.38	1.41	0	1.31
3196	1.31	1.38	0	1.26
3197	1.26	1.31	0	1.24
3198	1.24	1.26	0	1.2
3199	1.2	1.24	0	1.2
3200	1.2	1.2	0	1.2
3201	1.2	1.2	0	1.2
3202	1.2	1.2	0	1.2
3203	1.2	1.2	0	1.2
3204	1.2	1.2	0	1.2
3205	1.2	1.2	0.1	1.17
3206	1.17	1.2	0	1.17
3207	1.17	1.17	0	1.17
3208	1.17	1.17	0.4	1.29
3209	1.29	1.17	15.6	1.31
3210	1.31	1.29	1.8	1.29
3211	1.29	1.31	1.5	1.26
3212	1.26	1.29	0	1.38
3213	1.38	1.26	7	1.46
3214	1.46	1.38	5.7	1.38
3215	1.38	1.46	0.1	1.35
3216	1.35	1.38	0.9	1.46
3217	1.46	1.35	10.2	1.95
3218	1.95	1.46	4	1.99
3219	1.99	1.95	3.4	3.31
3220	3.31	1.99	1.3	4.64
3221	4.64	3.31	2.6	3.66
3222	3.66	4.64	0	3.02
3223	3.02	3.66	0	2.65
3224	2.65	3.02	0	2.45
3225	2.45	2.65	0	2.21
3226	2.21	2.45	0	2.07
3227	2.07	2.21	0	1.95
3228	1.95	2.07	0.1	1.86
3229	1.86	1.95	0	1.74
3230	1.74	1.86	0	1.7
3231	1.7	1.74	0	1.66
3232	1.66	1.7	0	1.63
3233	1.63	1.66	0	1.59
3234	1.59	1.63	0.4	1.55
3235	1.55	1.59	7.9	1.63
3236	1.63	1.55	0	1.59
3237	1.59	1.63	0	1.59
3238	1.59	1.59	0	1.59
3239	1.59	1.59	4.5	1.55
3240	1.55	1.59	0.2	1.52
3241	1.52	1.55	0.1	1.46
3242	1.46	1.52	0	1.46
3243	1.46	1.46	0	1.41
3244	1.41	1.46	0	1.38
3245	1.38	1.41	0.1	1.35
3246	1.35	1.38	0	1.35
3247	1.35	1.35	0.2	1.35
3248	1.35	1.35	0	1.31
3249	1.31	1.35	0.1	1.31
3250	1.31	1.31	0	1.29
3251	1.29	1.31	0	1.29
3252	1.29	1.29	0	1.29
3253	1.29	1.29	0	1.29
3254	1.29	1.29	0.2	1.26
3255	1.26	1.29	0	1.29
3256	1.29	1.26	1.9	1.29
3257	1.29	1.29	1	1.29
3258	1.29	1.29	0	1.26
3259	1.26	1.29	0.2	1.26
3260	1.26	1.26	1.1	1.29
3261	1.29	1.26	2.9	1.38
3262	1.38	1.29	12.4	1.46
3263	1.46	1.38	3.1	1.49
3264	1.49	1.46	1	1.59
3265	1.59	1.49	0	1.7
3266	1.7	1.59	0	1.7
3267	1.7	1.7	0	1.63
3268	1.63	1.7	2.2	1.63
3269	1.63	1.63	0.8	1.63
3270	1.63	1.63	3.5	1.74
3271	1.74	1.63	11.1	1.99
3272	1.99	1.74	3.4	2.5
3273	2.5	1.99	0.2	3.66
3274	3.66	2.5	0.1	3.66
3275	3.66	3.66	0.1	3.54
3276	3.54	3.66	0.1	3.19
3277	3.19	3.54	0.1	2.91
3278	2.91	3.19	0.3	2.65
3279	2.65	2.91	0.1	2.4
3280	2.4	2.65	0.1	2.26
3281	2.26	2.4	0	2.19
3282	2.19	2.26	0	2.03
3283	2.03	2.19	0.1	1.9
3284	1.9	2.03	1.5	1.82
3285	1.82	1.9	1.7	1.78
3286	1.78	1.82	0.4	1.7
3287	1.7	1.78	1.9	1.7
3288	1.7	1.7	9.2	1.82
3289	1.82	1.7	4.1	1.86
3290	1.86	1.82	0	1.86
3291	1.86	1.86	0	1.99
3292	1.99	1.86	0.4	2.26
3293	2.26	1.99	1.6	2.35
3294	2.35	2.26	1.4	2.31
3295	2.31	2.35	0.2	2.19
3296	2.19	2.31	0	2.14
3297	2.14	2.19	0.1	2.14
3298	2.14	2.14	0	2.03
3299	2.03	2.14	0	2.08
3300	2.08	2.03	0.7	2.31
3301	2.31	2.08	5	2.26
3302	2.26	2.31	4.1	2.08
3303	2.08	2.26	0	2.35
3304	2.35	2.08	0.1	2.5
3305	2.5	2.35	0	2.5
3306	2.5	2.5	0.1	2.45
3307	2.45	2.5	6.4	2.5
3308	2.5	2.45	8.8	2.55
3309	2.55	2.5	0	2.87
3310	2.87	2.55	3.8	3.54
3311	3.54	2.87	10.6	4.83
3312	4.83	3.54	0	7.03
3313	7.03	4.83	0.6	8.19
3314	8.19	7.03	0.4	7.1
3315	7.1	8.19	8.3	6.19
3316	6.19	7.1	1.1	5.8
3317	5.8	6.19	0.2	5.8
3318	5.8	5.8	0.4	6.19
3319	6.19	5.8	13.3	8.19
3320	8.19	6.19	1.2	10.13
3321	10.13	8.19	7.5	10.89
3322	10.89	10.13	0.1	9.13
3323	9.13	10.89	0.2	8.06
3324	8.06	9.13	1.4	7.7
3325	7.7	8.06	0	7.23
3326	7.23	7.7	0.1	6.45
3327	6.45	7.23	0.2	5.93
3328	5.93	6.45	0.1	5.54
3329	5.54	5.93	7.7	5.34
3330	5.34	5.54	0	5.47
3331	5.47	5.34	0	5.67
3332	5.67	5.47	0	5.47
3333	5.47	5.67	0	5.16
3334	5.16	5.47	0	4.83
3335	4.83	5.16	0.1	4.83
3336	4.83	4.83	12.8	5.8
3337	5.8	4.83	3.9	19.27
3338	19.27	5.8	4	17.08
3339	17.08	19.27	6.5	16.64
3340	16.64	17.08	0.3	16.64
3341	16.64	16.64	0	13.14
3342	13.14	16.64	0	10.89
3343	10.89	13.14	0	9.06
3344	9.06	10.89	0.1	7.9
3345	7.9	9.06	5.8	7.49
3346	7.49	7.9	8.3	7.42
3347	7.42	7.49	0.4	7.77
3348	7.77	7.42	0	7.29
3349	7.29	7.77	0	6.77
3350	6.77	7.29	0	6.57
3351	6.57	6.77	0	6.51
3352	6.51	6.57	0	6.32
3353	6.32	6.51	1.3	6.06
3354	6.06	6.32	0	5.87
3355	5.87	6.06	0	5.41
3356	5.41	5.87	0.1	5.22
3357	5.22	5.41	5.1	5.03
3358	5.03	5.22	0.3	4.89
3359	4.89	5.03	0.1	4.64
3360	4.64	4.89	5	4.46
3361	4.46	4.64	0.2	4.46
3362	4.46	4.46	0	4.39
3363	4.39	4.46	0	4.2
3364	4.2	4.39	3.4	4.26
3365	4.26	4.2	0.7	4.14
3366	4.14	4.26	0.1	3.95
3367	3.95	4.14	0.1	3.78
3368	3.78	3.95	0	3.54
3369	3.54	3.78	0	3.42
3370	3.42	3.54	8.9	3.54
3371	3.54	3.42	4.9	5.43
3372	5.43	3.54	0.1	9.06
3373	9.06	5.43	15.5	15.55
3374	15.55	9.06	24.4	76.64
3375	76.64	15.55	1.8	37.77
3376	37.77	76.64	0.1	22.77
3377	22.77	37.77	13	21.46
3378	21.46	22.77	0.2	20.15
3379	20.15	21.46	0	15.88
3380	15.88	20.15	0	13.14
3381	13.14	15.88	0.1	11.28
3382	11.28	13.14	0.6	9.67
3383	9.67	11.28	0	8.34
3384	8.34	9.67	0	7.49
3385	7.49	8.34	0.1	6.77
3386	6.77	7.49	0.2	6.25
3387	6.25	6.77	0.2	5.93
3388	5.93	6.25	0	5.54
3389	5.54	5.93	1.9	5.22
3390	5.22	5.54	0.1	4.83
3391	4.83	5.22	0.3	4.51
3392	4.51	4.83	4.2	4.32
3393	4.32	4.51	1.3	4.2
3394	4.2	4.32	4.5	4.14
3395	4.14	4.2	3.1	11.61
3396	11.61	4.14	3.3	9.44
3397	9.44	11.61	4.7	12.81
3398	12.81	9.44	0.3	16.2
3399	16.2	12.81	0	12.48
3400	12.48	16.2	0	9.21
3401	9.21	12.48	0	7.29
3402	7.29	9.21	0	6.19
3403	6.19	7.29	0	5.41
3404	5.41	6.19	0	4.77
3405	4.77	5.41	0	4.32
3406	4.32	4.77	0	3.9
3407	3.9	4.32	0	3.54
3408	3.54	3.9	0	3.31
3409	3.31	3.54	0.1	3.02
3410	3.02	3.31	0.2	2.81
3411	2.81	3.02	0	2.65
3412	2.65	2.81	0.6	2.59
3413	2.59	2.65	28.4	3.36
3414	3.36	2.59	0.2	10.13
3415	10.13	3.36	0	5.34
3416	5.34	10.13	1.5	4.2
3417	4.2	5.34	6.8	3.78
3418	3.78	4.2	16	3.83
3419	3.83	3.78	8.5	6.42
3420	6.42	3.83	0.2	11.61
3421	11.61	6.42	0	8.12
3422	8.12	11.61	0.2	6.38
3423	6.38	8.12	0	5.16
3424	5.16	6.38	0	4.64
3425	4.64	5.16	6.8	4.14
3426	4.14	4.64	1.3	3.59
3427	3.59	4.14	0	3.31
3428	3.31	3.59	0	2.91
3429	2.91	3.31	0	2.59
3430	2.59	2.91	0	2.4
3431	2.4	2.59	0.2	2.26
3432	2.26	2.4	2.4	2.16
3433	2.16	2.26	2.8	2.11
3434	2.11	2.16	10	2.5
3435	2.5	2.11	24.6	17.08
3436	17.08	2.5	2	17.96
3437	17.96	17.08	0.4	10.89
3438	10.89	17.96	7.8	7.55
3439	7.55	10.89	0.5	6.7
3440	6.7	7.55	0	6.12
3441	6.12	6.7	0.8	5.47
3442	5.47	6.12	0.1	4.77
3443	4.77	5.47	16.8	5.61
3444	5.61	4.77	9.3	7.7
3445	7.7	5.61	5.4	8.91
3446	8.91	7.7	2.1	10.51
3447	10.51	8.91	0	8.12
3448	8.12	10.51	0.4	6.38
3449	6.38	8.12	0.4	4.96
3450	4.96	6.38	0	4.08
3451	4.08	4.96	0	3.42
3452	3.42	4.08	1.1	3.08
3453	3.08	3.42	6.3	2.87
3454	2.87	3.08	1.7	3.31
3455	3.31	2.87	3.1	2.97
3456	2.97	3.31	0	2.5
3457	2.5	2.97	0.4	2.31
3458	2.31	2.5	10.7	2.21
3459	2.21	2.31	3.7	1.99
3460	1.99	2.21	4.6	1.99
3461	1.99	1.99	0	1.99
3462	1.99	1.99	0	1.78
3463	1.78	1.99	0	1.7
3464	1.7	1.78	0	1.59
3465	1.59	1.7	0	1.49
3466	1.49	1.59	0	1.46
3467	1.46	1.49	0	1.35
3468	1.35	1.46	0.5	1.35
3469	1.35	1.35	7.7	1.35
3470	1.35	1.35	0	1.29
3471	1.29	1.35	0.2	1.29
3472	1.29	1.29	0.2	1.26
3473	1.26	1.29	0	1.2
3474	1.2	1.26	0.6	1.2
3475	1.2	1.2	0	1.17
3476	1.17	1.2	0.1	1.15
3477	1.15	1.17	2.3	1.12
3478	1.12	1.15	0	1.06
3479	1.06	1.12	0	1.04
3480	1.04	1.06	0	1.17
3481	1.17	1.04	0	1.12
3482	1.12	1.17	0.4	1.12
3483	1.12	1.12	21.8	1.26
3484	1.26	1.12	0.2	1.1
3485	1.1	1.26	0	1.1
3486	1.1	1.1	0	1.24
3487	1.24	1.1	5.8	1.15
3488	1.15	1.24	6.5	1.47
3489	1.47	1.15	0.2	1.31
3490	1.31	1.47	1	1.17
3491	1.17	1.31	2.7	1.24
3492	1.24	1.17	0	1.17
3493	1.17	1.24	0	1.1
3494	1.1	1.17	0.1	1.06
3495	1.06	1.1	4.8	1.06
3496	1.06	1.06	0	0.99
3497	0.99	1.06	0	0.99
3498	0.99	0.99	0	0.99
3499	0.99	0.99	0	0.99
3500	0.99	0.99	0	0.96
3501	0.96	0.99	0.9	0.94
3502	0.94	0.96	0.6	0.96
3503	0.96	0.94	0.5	0.92
3504	0.92	0.96	0	0.92
3505	0.92	0.92	0.2	0.92
3506	0.92	0.92	0.8	0.86
3507	0.86	0.92	0	0.82
3508	0.82	0.86	0	0.82
3509	0.82	0.82	0	0.82
3510	0.82	0.82	1	0.82
3511	0.82	0.82	0	0.78
3512	0.78	0.82	0	0.82
3513	0.82	0.78	0	0.82
3514	0.82	0.82	0	0.82
3515	0.82	0.82	0	0.82
3516	0.82	0.82	2.7	0.82
3517	0.82	0.82	2.3	0.82
3518	0.82	0.82	0	0.82
3519	0.82	0.82	0	0.9
3520	0.9	0.82	0	0.9
3521	0.9	0.9	0	0.92
3522	0.92	0.9	2.5	0.92
3523	0.92	0.92	0	0.86
3524	0.86	0.92	2.5	0.82
3525	0.82	0.86	0.2	0.8
3526	0.8	0.82	0.1	0.82
3527	0.82	0.8	0	0.82
3528	0.82	0.82	0.2	0.82
3529	0.82	0.82	6.5	0.82
3530	0.82	0.82	0	0.82
3531	0.82	0.82	14.5	0.99
3532	0.99	0.82	11.5	1.04
3533	1.04	0.99	0	1.15
3534	1.15	1.04	11.3	1.35
3535	1.35	1.15	2	1.26
3536	1.26	1.35	7.8	1.06
3537	1.06	1.26	0.3	1.04
3538	1.04	1.06	20.9	1.17
3539	1.17	1.04	6.6	1.15
3540	1.15	1.17	0.3	1.24
3541	1.24	1.15	0.1	1.41
3542	1.41	1.24	0.5	1.26
3543	1.26	1.41	0.2	1.15
3544	1.15	1.26	5	1.1
3545	1.1	1.15	0.1	1.02
3546	1.02	1.1	0	1.06
3547	1.06	1.02	0	0.99
3548	0.99	1.06	0	0.96
3549	0.96	0.99	0	0.92
3550	0.92	0.96	0	0.92
3551	0.92	0.92	6.1	0.94
3552	0.94	0.92	1	0.94
3553	0.94	0.94	0.1	0.96
3554	0.96	0.94	0	1.02
3555	1.02	0.96	0	1.02
3556	1.02	1.02	0	1.02
3557	1.02	1.02	0	1.58
3558	1.58	1.02	58.1	2.65
3559	2.65	1.58	6.4	6.51
3560	6.51	2.65	0.1	4.64
3561	4.64	6.51	0	3.42
3562	3.42	4.64	0	2.55
3563	2.55	3.42	0	2.07
3564	2.07	2.55	0	1.78
3565	1.78	2.07	0	1.66
3566	1.66	1.78	0	1.52
3567	1.52	1.66	0	1.41
3568	1.41	1.52	0	1.38
3569	1.38	1.41	9.2	1.46
3570	1.46	1.38	3	1.31
3571	1.31	1.46	0.2	1.29
3572	1.29	1.31	0	1.29
3573	1.29	1.29	0	1.26
3574	1.26	1.29	0	1.2
3575	1.2	1.26	0.8	1.2
3576	1.2	1.2	8.7	1.17
3577	1.17	1.2	0	1.15
3578	1.15	1.17	0	1.15
3579	1.15	1.15	0.4	1.17
3580	1.17	1.15	0	1.06
3581	1.06	1.17	0	1.06
3582	1.06	1.06	0.2	1.06
3583	1.06	1.06	0.1	1.04
3584	1.04	1.06	1.1	1.06
3585	1.06	1.04	1.8	1.1
3586	1.1	1.06	0	1.04
3587	1.04	1.1	0	1.02
3588	1.02	1.04	1	1.04
3589	1.04	1.02	0	1.02
3590	1.02	1.04	0	1.02
3591	1.02	1.02	7.8	1.02
3592	1.02	1.02	0	0.99
3593	0.99	1.02	0	0.99
3594	0.99	0.99	0	1.02
3595	1.02	0.99	0	1.02
3596	1.02	1.02	0.1	1.04
3597	1.04	1.02	12.3	1.17
3598	1.17	1.04	0.1	1.17
3599	1.17	1.17	0.1	1.17
3600	1.17	1.17	0	1.41
3601	1.41	1.17	2.3	1.74
3602	1.74	1.41	8.8	1.78
3603	1.78	1.74	0	1.78
3604	1.78	1.78	0	2.03
3605	2.03	1.78	0.1	2.11
3606	2.11	2.03	8.2	2.03
3607	2.03	2.11	0	1.99
3608	1.99	2.03	0	1.99
3609	1.99	1.99	0	1.95
3610	1.95	1.99	0.1	1.99
3611	1.99	1.95	1	1.95
3612	1.95	1.99	1.8	1.9
3613	1.9	1.95	0.5	1.82
3614	1.82	1.9	0	1.78
3615	1.78	1.82	0	1.7
3616	1.7	1.78	1.6	1.74
3617	1.74	1.7	9.6	1.74
3618	1.74	1.74	0	1.66
3619	1.66	1.74	0.3	1.82
3620	1.82	1.66	8.3	2.03
3621	2.03	1.82	3.1	2.11
3622	2.11	2.03	1.4	2.87
3623	2.87	2.11	0	3.48
3624	3.48	2.87	0.4	3.28
3625	3.28	3.48	0.1	2.85
3626	2.85	3.28	0	2.74
3627	2.74	2.85	0	2.59
3628	2.59	2.74	0	2.45
3629	2.45	2.59	0	2.31
3630	2.31	2.45	0	2.45
3631	2.45	2.31	1.2	2.07
3632	2.07	2.45	3.2	1.99
3633	1.99	2.07	5.9	1.95
3634	1.95	1.99	0	1.9
3635	1.9	1.95	0	1.86
3636	1.86	1.9	0	1.78
3637	1.78	1.86	0.2	1.74
3638	1.74	1.78	7.1	3.66
3639	3.66	1.74	28.1	19.05
3640	19.05	3.66	0	16.64
3641	16.64	19.05	0	10.89
3642	10.89	16.64	0	7.98
3643	7.98	10.89	0	6.63
3644	6.63	7.98	0.5	5.28
3645	5.28	6.63	0.3	4.58
3646	4.58	5.28	0	4.02
3647	4.02	4.58	0	3.5
3648	3.5	4.02	0	3.18
3649	3.18	3.5	0	2.85
3650	2.85	3.18	0	2.63
